[gd_scene load_steps=3 format=3 uid="uid://c1ig24ngahthv"]

[ext_resource type="PackedScene" uid="uid://dlikkvveij8n2" path="res://Assets/JulienNoelAssets/Medfan_BarrelsAndBoxes/Prefabs/Medfan_RectBox.prefab.scn" id="1_o34n7"]
[ext_resource type="PackedScene" uid="uid://cnukx0im0xrnp" path="res://Assets/JulienNoelAssets/Medfan_BarrelsAndBoxes/Prefabs/Medfan_SquareBox.prefab.scn" id="2_pf38w"]

[node name="Node3D" type="Node3D"]

[node name="Medfan_RectBox" parent="." instance=ExtResource("1_o34n7")]
transform = Transform3D(-0.707107, 0.707107, 3.09086e-08, 0, -4.37114e-08, 1, 0.707107, 0.707107, 3.09086e-08, -0.55, 0, -0.55)

[node name="Medfan_RectBox2" parent="." instance=ExtResource("1_o34n7")]
transform = Transform3D(0.422618, 0.906308, 3.9616e-08, 0, -4.37114e-08, 1, 0.906308, -0.422618, -1.84732e-08, -0.639764, -1.19209e-07, -1.52984)

[node name="Medfan_SquareBox" parent="." instance=ExtResource("2_pf38w")]
transform = Transform3D(1, 0, 0, 0, -4.37114e-08, 1, 0, -1, -4.37114e-08, -1.3, 0, -1)

[node name="Medfan_SquareBox2" parent="." instance=ExtResource("2_pf38w")]
transform = Transform3D(0.866025, -0.5, -2.18557e-08, 0, -4.37114e-08, 1, -0.5, -0.866025, -3.78552e-08, -1.3, 0.8, -1)
