[gd_scene load_steps=27 format=3 uid="uid://bfq7irqn62fyx"]

[ext_resource type="ArrayMesh" uid="uid://dq62do0pssvvu" path="res://Assets/Unknown Creature(Abandon)/Unknown Creature Mesh.res" id="1_bsm4e"]
[ext_resource type="Script" path="res://Assets/Unknown Creature(Abandon)/unknown_creature_new_behaviour.gd" id="1_o3ku5"]
[ext_resource type="Animation" uid="uid://dr7ugsw2jbrel" path="res://Assets/Unknown Creature(Abandon)/Attack.res" id="3_t4nvl"]
[ext_resource type="Animation" uid="uid://tcp3fxw6e3ne" path="res://Assets/Unknown Creature(Abandon)/Crawling.res" id="4_3v2bl"]
[ext_resource type="Animation" uid="uid://cunryfals2mar" path="res://Assets/Unknown Creature(Abandon)/Idle Transition In.res" id="5_ihqp8"]
[ext_resource type="Animation" uid="uid://b8wd0w05cc4ou" path="res://Assets/Unknown Creature(Abandon)/Idle Transition Out.res" id="6_ikwki"]
[ext_resource type="Animation" uid="uid://c6xf64g5ip7h8" path="res://Assets/Unknown Creature(Abandon)/Idling.res" id="7_qu1hq"]

[sub_resource type="Skin" id="Skin_uno72"]
resource_name = "Skin"
bind_count = 37
bind/0/name = &"spine"
bind/0/bone = -1
bind/0/pose = Transform3D(0.195298, 0, 0, 0, 0.189114, 0.048754, 0, -0.048754, 0.189114, -0.0239162, -0.964145, 0.305563)
bind/1/name = &"spine.001"
bind/1/bone = -1
bind/1/pose = Transform3D(0.195298, 0, 0, 0, 0.193816, 0.0240126, 0, -0.0240126, 0.193816, -0.0239162, -1.1464, 0.159364)
bind/2/name = &"spine.002"
bind/2/bone = -1
bind/2/pose = Transform3D(0.195298, 0, 0, 0, 0.195199, -0.00621295, 0, 0.00621292, 0.195199, -0.0239162, -1.29226, -0.0407307)
bind/3/name = &"spine.003"
bind/3/bone = -1
bind/3/pose = Transform3D(0.195298, 0, 0, 0, 0.195218, -0.00557769, 0, 0.00557766, 0.195218, -0.0239162, -1.46527, -0.0359625)
bind/4/name = &"spine.004"
bind/4/bone = -1
bind/4/pose = Transform3D(0.195298, 0, 0, 0, 0.181532, 0.0720225, 0, -0.0720226, 0.181532, -0.0239162, -1.53712, 0.622114)
bind/5/name = &"spine.005"
bind/5/bone = -1
bind/5/pose = Transform3D(0.195298, 0, 0, 0, 0.191867, 0.0364424, 0, -0.0364424, 0.191867, -0.0239162, -1.69192, 0.308123)
bind/6/name = &"spine.006"
bind/6/bone = -1
bind/6/pose = Transform3D(0.195298, 0, 0, 0, 0.195298, -1.7461e-08, 0, 0, 0.195298, -0.0239162, -1.7813, -0.0247)
bind/7/name = &"shoulder.L"
bind/7/bone = -1
bind/7/pose = Transform3D(0.0990344, -1.44148e-05, 0.168325, 0.168325, -0.000111408, -0.0990344, 0.000103318, 0.195298, -4.41014e-05, -0.0802424, -0.000784796, -1.60511)
bind/8/name = &"upper_arm.L"
bind/8/bone = -1
bind/8/pose = Transform3D(-0.149749, -0.124576, 0.0140374, 0.124692, -0.150272, -0.00340097, 0.0129704, 0.00635463, 0.194763, 1.22447, 1.0448, -0.0432344)
bind/9/name = &"forearm.L"
bind/9/bone = -1
bind/9/pose = Transform3D(-0.148105, -0.125753, -0.0198033, 0.126256, -0.148987, 0.00184495, -0.0162954, -0.0114033, 0.194282, 1.21802, 0.337483, 0.159967)
bind/10/name = &"hand.L"
bind/10/bone = -1
bind/10/pose = Transform3D(-0.147327, -0.128022, -0.00680562, 0.12806, -0.147445, 0.00139464, -0.0060523, -0.0034105, 0.195174, 1.22331, -0.228033, 0.0779214)
bind/11/name = &"shoulder.R"
bind/11/bone = -1
bind/11/pose = Transform3D(0.0990344, 1.44148e-05, -0.168325, -0.168325, -0.000111408, -0.0990344, -0.000103318, 0.195298, -4.41014e-05, 0.0559869, 0.0404414, -1.60508)
bind/12/name = &"upper_arm.R"
bind/12/bone = -1
bind/12/pose = Transform3D(-0.146032, 0.129341, -0.00931536, -0.129334, -0.146289, -0.00367984, -0.00941478, 0.0034174, 0.195041, -1.23105, 1.02674, -0.0126893)
bind/13/name = &"forearm.R"
bind/13/bone = -1
bind/13/pose = Transform3D(-0.145654, 0.129973, 0.00574916, -0.129984, -0.145746, 0.0018282, 0.00550718, -0.00246301, 0.195204, -1.23034, 0.379583, 0.0715146)
bind/14/name = &"hand.R"
bind/14/bone = -1
bind/14/pose = Transform3D(-0.0200297, 0.0225579, 0.192954, -0.142108, -0.133961, 0.000909565, 0.132458, -0.140309, 0.0301533, -0.152627, -0.28205, 1.2029)
bind/15/name = &"breast.L"
bind/15/bone = -1
bind/15/pose = Transform3D(-0.195298, 1.70735e-08, -3.18018e-16, -1.84458e-15, -4.83815e-08, 0.195298, 1.70735e-08, 0.195298, -3.6377e-09, 0.142316, 0.0485004, -1.4596)
bind/16/name = &"breast.R"
bind/16/bone = -1
bind/16/pose = Transform3D(-0.195298, 1.70735e-08, -3.18018e-16, -1.84458e-15, -4.83815e-08, 0.195298, 1.70735e-08, 0.195298, -3.6377e-09, -0.0944839, 0.0485004, -1.4596)
bind/17/name = &"pelvis.L"
bind/17/bone = -1
bind/17/pose = Transform3D(-0.0823711, -0.0540657, 0.168621, 0.104742, 0.135073, 0.0944754, -0.142777, 0.130282, -0.0279732, 0.337326, -0.684595, -0.664122)
bind/18/name = &"pelvis.R"
bind/18/bone = -1
bind/18/pose = Transform3D(-0.0823711, 0.0540657, -0.168621, -0.104742, 0.135073, 0.0944754, 0.142777, 0.130282, -0.0279732, -0.317151, -0.658941, -0.699091)
bind/19/name = &"thigh.L"
bind/19/bone = -1
bind/19/pose = Transform3D(0.195291, -0.00155116, 0.000151496, -0.00155848, -0.194522, 0.0173189, 1.33232e-05, -0.0173194, -0.194528, -0.127348, 1.11449, 0.0866742)
bind/20/name = &"shin.L"
bind/20/bone = -1
bind/20/pose = Transform3D(0.19528, -0.00262547, -0.000217518, -0.00263447, -0.194595, -0.0163446, 2.97832e-06, 0.0163461, -0.194613, -0.123635, 0.665744, -0.0277694)
bind/21/name = &"foot.L"
bind/21/bone = -1
bind/21/pose = Transform3D(0.195298, 4.02123e-08, 2.51765e-08, 1.32713e-08, -0.103507, 0.165612, 4.04885e-08, -0.165612, -0.103508, -0.125495, 0.087345, 0.109186)
bind/22/name = &"toe.L"
bind/22/bone = -1
bind/22/pose = Transform3D(-0.195298, -1.79437e-08, 1.06953e-15, 1.49717e-08, -7.56644e-08, 0.195298, -1.90994e-08, 0.195298, -1.16407e-08, 0.125495, -0.0934002, -0.0703824)
bind/23/name = &"heel.02.L"
bind/23/bone = -1
bind/23/pose = Transform3D(9.07501e-09, -1.62969e-07, 0.195298, 0.195298, 9.36469e-09, 5.89671e-09, -1.05203e-08, 0.195298, 7.56643e-08, 0.0459001, -0.087495, -0.0536823)
bind/24/name = &"thigh.R"
bind/24/bone = -1
bind/24/pose = Transform3D(0.195292, 0.00148662, -0.000143906, 0.00149351, -0.194546, 0.0170515, -1.35416e-05, -0.017052, -0.194552, 0.101277, 1.12506, 0.0860823)
bind/25/name = &"shin.R"
bind/25/bone = -1
bind/25/pose = Transform3D(0.195293, -0.00129951, -0.000107531, -0.00130395, -0.194613, -0.0162906, 1.25796e-06, 0.0162911, -0.194617, 0.110797, 0.666865, -0.0278772)
bind/26/name = &"foot.R"
bind/26/bone = -1
bind/26/pose = Transform3D(0.195298, 7.88082e-08, 4.91308e-08, -1.14944e-08, -0.103507, 0.165612, 9.95935e-08, -0.165612, -0.103508, 0.109872, 0.0882934, 0.110703)
bind/27/name = &"toe.R"
bind/27/bone = -1
bind/27/pose = Transform3D(-0.195298, -1.68471e-08, -4.54654e-15, -1.34008e-08, -9.89456e-08, 0.195298, -1.6402e-08, 0.195298, -1.16407e-08, -0.109872, -0.0934001, -0.0721717)
bind/28/name = &"heel.02.R"
bind/28/bone = -1
bind/28/pose = Transform3D(4.69234e-09, 1.57149e-07, -0.195298, -0.195298, 1.37347e-08, 8.70856e-09, 1.41798e-08, 0.195298, 6.40237e-08, -0.0459001, -0.0718721, -0.0554716)
bind/29/name = &"IK forearm.L.001"
bind/29/bone = -1
bind/29/pose = Transform3D(0.144226, -0.13166, -0.00238722, -0.000125243, -0.00367764, 0.195263, -0.131682, -0.144199, -0.00280034, -0.368657, 0.0461819, 1.19017)
bind/30/name = &"IK Pole upper_arm.L.001"
bind/30/bone = -1
bind/30/pose = Transform3D(0.126634, -0.148678, -0.000107498, 0.000217201, 4.37907e-05, 0.195297, -0.148678, -0.126634, 0.000193747, 0.333797, -0.0741001, 1.22888)
bind/31/name = &"IK shin.L.001"
bind/31/bone = -1
bind/31/pose = Transform3D(0.195288, -0.00197906, 0, 0, 0, -0.195298, 0.00197906, 0.195288, 0, -0.124081, -0.0162, -0.140147)
bind/32/name = &"IK POLE thigh.L.001"
bind/32/bone = -1
bind/32/pose = Transform3D(0.195288, -0.00190184, 0, 0, 0, 0.195298, -0.00190184, -0.195288, 0, -0.124993, -0.213755, 0.787183)
bind/33/name = &"IK shin.R.001"
bind/33/bone = -1
bind/33/pose = Transform3D(0.195288, 0.00197906, 0, 0, 0, -0.195298, -0.00197906, 0.195288, 0, 0.111829, -0.0162, -0.140023)
bind/34/name = &"IK POLE thigh.R.001"
bind/34/bone = -1
bind/34/pose = Transform3D(0.195288, 0.00190184, 0, 0, 0, 0.195298, 0.00190184, -0.195288, 0, 0.0986552, -0.213755, 0.790113)
bind/35/name = &"IK forearm.R.001"
bind/35/bone = -1
bind/35/pose = Transform3D(0.144218, 0.13169, 4.96026e-05, -6.79376e-05, 8.39411e-07, 0.195298, 0.13169, -0.144218, 4.64306e-05, 0.302487, 0.0332692, 1.20726)
bind/36/name = &"IK Pole upper_arm.R.001"
bind/36/bone = -1
bind/36/pose = Transform3D(0.126634, 0.148678, 0.000107515, -0.000217205, 4.37725e-05, 0.195298, 0.148678, -0.126634, 0.000193738, -0.407177, -0.0740529, 1.22211)

[sub_resource type="CapsuleShape3D" id="CapsuleShape3D_i5g87"]
radius = 1.3
height = 5.9

[sub_resource type="AnimationNodeAnimation" id="AnimationNodeAnimation_t6ddw"]
animation = &"Attack"

[sub_resource type="AnimationNodeAnimation" id="AnimationNodeAnimation_d80nb"]
animation = &"Crawling"

[sub_resource type="AnimationNodeAnimation" id="AnimationNodeAnimation_0to0c"]
animation = &"Idle Transition In"

[sub_resource type="AnimationNodeAnimation" id="AnimationNodeAnimation_oys22"]
animation = &"Idle Transition Out"

[sub_resource type="AnimationNodeAnimation" id="AnimationNodeAnimation_j2giq"]
animation = &"Idling"

[sub_resource type="AnimationNodeStateMachineTransition" id="AnimationNodeStateMachineTransition_wsqxp"]
advance_mode = 2

[sub_resource type="AnimationNodeStateMachineTransition" id="AnimationNodeStateMachineTransition_l6tyj"]
advance_mode = 2
advance_condition = &"idleEnd"

[sub_resource type="AnimationNodeStateMachineTransition" id="AnimationNodeStateMachineTransition_1escl"]
advance_mode = 2

[sub_resource type="AnimationNodeStateMachineTransition" id="AnimationNodeStateMachineTransition_qgihf"]
xfade_time = 0.2
advance_mode = 2
advance_condition = &"attack"

[sub_resource type="AnimationNodeStateMachineTransition" id="AnimationNodeStateMachineTransition_cdwy5"]
xfade_time = 0.2
switch_mode = 2
advance_mode = 2
advance_condition = &"crawl"

[sub_resource type="AnimationNodeStateMachineTransition" id="AnimationNodeStateMachineTransition_sabf0"]
advance_mode = 2
advance_condition = &"idleStart"

[sub_resource type="AnimationNodeStateMachineTransition" id="AnimationNodeStateMachineTransition_r22x1"]
switch_mode = 2
advance_mode = 2

[sub_resource type="AnimationNodeStateMachine" id="AnimationNodeStateMachine_ybqfy"]
states/Attack/node = SubResource("AnimationNodeAnimation_t6ddw")
states/Attack/position = Vector2(458, -18)
states/Crawling/node = SubResource("AnimationNodeAnimation_d80nb")
states/Crawling/position = Vector2(458, 100)
states/End/position = Vector2(671, 100)
"states/Idle Transition In/node" = SubResource("AnimationNodeAnimation_0to0c")
"states/Idle Transition In/position" = Vector2(323, 198)
"states/Idle Transition Out/node" = SubResource("AnimationNodeAnimation_oys22")
"states/Idle Transition Out/position" = Vector2(600, 198)
states/Idling/node = SubResource("AnimationNodeAnimation_j2giq")
states/Idling/position = Vector2(458, 289)
transitions = ["Idle Transition In", "Idling", SubResource("AnimationNodeStateMachineTransition_wsqxp"), "Idling", "Idle Transition Out", SubResource("AnimationNodeStateMachineTransition_l6tyj"), "Start", "Crawling", SubResource("AnimationNodeStateMachineTransition_1escl"), "Crawling", "Attack", SubResource("AnimationNodeStateMachineTransition_qgihf"), "Attack", "Crawling", SubResource("AnimationNodeStateMachineTransition_cdwy5"), "Crawling", "Idle Transition In", SubResource("AnimationNodeStateMachineTransition_sabf0"), "Idle Transition Out", "Crawling", SubResource("AnimationNodeStateMachineTransition_r22x1")]
graph_offset = Vector2(0, -33.7705)

[sub_resource type="AnimationLibrary" id="AnimationLibrary_q8qvy"]
_data = {
"Attack": ExtResource("3_t4nvl"),
"Crawling": ExtResource("4_3v2bl"),
"Idle Transition In": ExtResource("5_ihqp8"),
"Idle Transition Out": ExtResource("6_ikwki"),
"Idling": ExtResource("7_qu1hq")
}

[sub_resource type="CylinderShape3D" id="CylinderShape3D_hi11v"]
height = 7.21
radius = 3.65

[sub_resource type="CylinderShape3D" id="CylinderShape3D_udum8"]
height = 7.21
radius = 6.15

[sub_resource type="CylinderShape3D" id="CylinderShape3D_hgrfi"]
height = 7.21
radius = 20.05

[node name="Unknown Creature(rigged new)" type="CharacterBody3D"]
transform = Transform3D(0.4, 0, 0, 0, 0.4, 0, 0, 0, 0.4, 0, 0, 0)
script = ExtResource("1_o3ku5")

[node name="metarig" type="Node3D" parent="."]
transform = Transform3D(-5.12039, 0, -4.47639e-07, 0, 5.12039, 0, 4.47639e-07, 0, -5.12039, -0.0400398, 0, 2)

[node name="Skeleton3D" type="Skeleton3D" parent="metarig"]
bones/0/name = "spine"
bones/0/parent = -1
bones/0/rest = Transform3D(1, 0, 0, 0, 0.968339, -0.249639, 0, 0.249639, 0.968339, 0, 1.0099, -0.0552)
bones/0/enabled = true
bones/0/position = Vector3(-0.0110326, 0.614249, 0.449034)
bones/0/rotation = Quaternion(0.509852, -1.11069e-17, -8.7575e-17, 0.860262)
bones/0/scale = Vector3(1, 1, 1)
bones/1/name = "spine.001"
bones/1/parent = 0
bones/1/rest = Transform3D(1, 0, 0, 0, 0.991686, 0.128684, 0, -0.128685, 0.991686, -1.86265e-09, 0.152219, -1.67638e-08)
bones/1/enabled = true
bones/1/position = Vector3(-1.86265e-09, 0.152219, -1.67638e-08)
bones/1/rotation = Quaternion(-0.00923024, 2.96407e-17, 1.75429e-18, 0.999958)
bones/1/scale = Vector3(1, 1, 1)
bones/2/name = "spine.002"
bones/2/parent = 1
bones/2/rest = Transform3D(1, 0, 0, 0, 0.987999, 0.154463, 0, -0.154463, 0.987999, -1.86265e-09, 0.136637, 1.74914e-08)
bones/2/enabled = true
bones/2/position = Vector3(-1.86265e-09, 0.136637, 1.74914e-08)
bones/2/rotation = Quaternion(0.139876, 5.65392e-17, 1.15305e-17, 0.990169)
bones/2/scale = Vector3(1, 1, 1)
bones/3/name = "spine.003"
bones/3/parent = 2
bones/3/rest = Transform3D(1, 0, 0, 0, 0.999995, -0.0032543, 0, 0.0032543, 0.999995, -1.86265e-09, 0.172888, -4.65661e-10)
bones/3/enabled = true
bones/3/position = Vector3(-1.86265e-09, 0.172888, -4.65661e-10)
bones/3/rotation = Quaternion(0.0915239, 1.76144e-17, 5.00971e-18, 0.995803)
bones/3/scale = Vector3(1, 1, 1)
bones/4/name = "spine.004"
bones/4/parent = 3
bones/4/rest = Transform3D(1, 0, 0, 0, 0.918604, -0.39518, 0, 0.39518, 0.918604, 0, 0.192579, -1.86265e-09)
bones/4/enabled = true
bones/4/position = Vector3(0, 0.192579, -1.86265e-09)
bones/4/rotation = Quaternion(0.130459, -2.40736e-17, -1.7444e-18, 0.991454)
bones/4/scale = Vector3(1, 1, 1)
bones/5/name = "spine.005"
bones/5/parent = 4
bones/5/rest = Transform3D(1, 0, 0, 0, 0.982004, 0.18886, 0, -0.18886, 0.982004, -1.86265e-09, 0.0661636, -9.31323e-09)
bones/5/enabled = true
bones/5/position = Vector3(-1.86265e-09, 0.0661636, -9.31323e-09)
bones/5/rotation = Quaternion(-0.146315, -1.73034e-17, 6.19663e-19, 0.989238)
bones/5/scale = Vector3(1, 1, 1)
bones/6/name = "spine.006"
bones/6/parent = 5
bones/6/rest = Transform3D(1, 0, 0, 0, 0.982436, 0.186599, 0, -0.186599, 0.982436, -1.86265e-09, 0.0627014, -7.45058e-09)
bones/6/enabled = true
bones/6/position = Vector3(-1.86265e-09, 0.0627014, -7.45058e-09)
bones/6/rotation = Quaternion(-0.288282, -6.51473e-17, -1.00496e-17, 0.957546)
bones/6/scale = Vector3(1, 1, 1)
bones/7/name = "shoulder.L"
bones/7/parent = 3
bones/7/rest = Transform3D(0.507095, 0.86189, 0.000528991, -0.0246891, 0.0139124, 0.999598, 0.861537, -0.506904, 0.0283342, 0.0183, 0.137221, 0.0782509)
bones/7/enabled = true
bones/7/position = Vector3(0.0183, 0.137221, 0.0782509)
bones/7/rotation = Quaternion(-0.605155, -0.345862, -0.356134, 0.622363)
bones/7/scale = Vector3(1, 1, 1)
bones/8/name = "upper_arm.L"
bones/8/parent = 7
bones/8/rest = Transform3D(-0.326831, 0.308813, 0.893206, -0.696961, 0.559561, -0.448483, -0.6383, -0.769108, 0.0323483, 0.0359209, 0.248601, -0.0185661)
bones/8/enabled = true
bones/8/position = Vector3(0.0359209, 0.248601, -0.0185661)
bones/8/rotation = Quaternion(0.185731, 0.298457, -0.605414, 0.714073)
bones/8/scale = Vector3(1, 1, 1)
bones/9/name = "forearm.L"
bones/9/parent = 8
bones/9/rest = Transform3D(0.984934, -0.00840413, 0.172727, 0.0130308, 0.999586, -0.0256694, -0.17244, 0.0275334, 0.984635, 1.38767e-07, 0.695692, -3.72529e-09)
bones/9/enabled = true
bones/9/position = Vector3(1.38767e-07, 0.695692, -3.72529e-09)
bones/9/rotation = Quaternion(0.714607, 0.0552327, 0.287908, 0.635134)
bones/9/scale = Vector3(1, 1, 1)
bones/10/name = "hand.L"
bones/10/parent = 9
bones/10/rest = Transform3D(0.99771, -0.0118585, -0.0665904, 0.0120669, 0.999923, 0.00272853, 0.066553, -0.00352581, 0.997777, 1.60653e-08, 0.550525, 0)
bones/10/enabled = true
bones/10/position = Vector3(1.60653e-08, 0.550525, 0)
bones/10/rotation = Quaternion(-0.358254, 0.237578, 0.280733, 0.858137)
bones/10/scale = Vector3(1, 1, 1)
bones/11/name = "shoulder.R"
bones/11/parent = 3
bones/11/rest = Transform3D(0.507095, -0.86189, -0.000528991, 0.0246891, 0.0139124, 0.999598, -0.861537, -0.506904, 0.0283342, -0.0183, 0.137221, 0.0782509)
bones/11/enabled = true
bones/11/position = Vector3(-0.0183, 0.137221, 0.0782509)
bones/11/rotation = Quaternion(-0.605155, 0.345862, 0.356134, 0.622363)
bones/11/scale = Vector3(1, 1, 1)
bones/12/name = "upper_arm.R"
bones/12/parent = 11
bones/12/rest = Transform3D(-0.338016, -0.319633, -0.885201, 0.668279, 0.58076, -0.464888, 0.662682, -0.748701, 0.0172985, -0.0431802, 0.26094, -0.0203481)
bones/12/enabled = true
bones/12/position = Vector3(-0.0431802, 0.26094, -0.0203481)
bones/12/rotation = Quaternion(0.510615, -0.802957, 0.173869, 0.253579)
bones/12/scale = Vector3(1, 1, 1)
bones/13/name = "forearm.R"
bones/13/parent = 12
bones/13/rest = Transform3D(0.997018, 0.00298227, -0.0771132, -0.00516031, 0.999593, -0.028061, 0.0769981, 0.0283752, 0.996627, 2.84053e-08, 0.642967, -3.72529e-09)
bones/13/enabled = true
bones/13/position = Vector3(2.84053e-08, 0.642967, -3.72529e-09)
bones/13/rotation = Quaternion(0.620832, -0.0300342, -0.0895728, 0.77823)
bones/13/scale = Vector3(1, 1, 1)
bones/14/name = "hand.R"
bones/14/parent = 13
bones/14/rest = Transform3D(0.182444, 0.0863225, -0.97942, -0.00868981, 0.996241, 0.0861864, 0.983178, -0.00721326, 0.182509, -1.27358e-07, 0.555573, 1.21072e-08)
bones/14/enabled = true
bones/14/position = Vector3(-1.27358e-07, 0.555573, 1.21072e-08)
bones/14/rotation = Quaternion(-0.618047, -0.634877, -0.359651, 0.292575)
bones/14/scale = Vector3(1, 1, 1)
bones/15/name = "breast.L"
bones/15/parent = 3
bones/15/rest = Transform3D(-1, -1.42109e-14, 8.74228e-08, 8.73871e-08, -0.0285602, 0.999592, 2.4968e-09, 0.999592, 0.0285602, 0.1184, -0.00488096, -0.0427569)
bones/15/enabled = true
bones/15/position = Vector3(0.1184, -0.00488096, -0.0427569)
bones/15/rotation = Quaternion(3.13469e-08, 0.696936, 0.717133, 3.0464e-08)
bones/15/scale = Vector3(1, 1, 1)
bones/16/name = "breast.R"
bones/16/parent = 3
bones/16/rest = Transform3D(-1, -1.42109e-14, 8.74228e-08, 8.73871e-08, -0.0285602, 0.999592, 2.4968e-09, 0.999592, 0.0285602, -0.1184, -0.00488096, -0.0427569)
bones/16/enabled = true
bones/16/position = Vector3(-0.1184, -0.00488096, -0.0427569)
bones/16/rotation = Quaternion(3.13469e-08, 0.696936, 0.717133, 3.0464e-08)
bones/16/scale = Vector3(1, 1, 1)
bones/17/name = "pelvis.L"
bones/17/parent = 0
bones/17/rest = Transform3D(-0.421772, 0.536322, -0.731072, -0.0525324, 0.79049, 0.610218, 0.905179, 0.295778, -0.305232, -1.86265e-09, -1.01514e-07, 0)
bones/17/enabled = true
bones/17/position = Vector3(-1.86265e-09, -1.01514e-07, 0)
bones/17/rotation = Quaternion(-0.152455, -0.793331, -0.285504, 0.515627)
bones/17/scale = Vector3(1, 1, 1)
bones/18/name = "pelvis.R"
bones/18/parent = 0
bones/18/rest = Transform3D(-0.421772, -0.536322, 0.731072, 0.0525324, 0.79049, 0.610218, -0.905179, 0.295778, -0.305232, -1.86265e-09, -1.01514e-07, 0)
bones/18/enabled = true
bones/18/position = Vector3(-1.86265e-09, -1.01514e-07, 0)
bones/18/rotation = Quaternion(-0.152455, 0.793331, 0.285504, 0.515627)
bones/18/scale = Vector3(1, 1, 1)
bones/19/name = "thigh.L"
bones/19/parent = 0
bones/19/rest = Transform3D(0.999968, -0.00798005, 6.82552e-05, -0.00749745, -0.942355, -0.33453, 0.00273389, 0.33452, -0.942383, 0.112315, 0.114137, 0.0147745)
bones/19/enabled = true
bones/19/position = Vector3(0.112315, 0.114137, 0.0147745)
bones/19/rotation = Quaternion(0.893348, 0.0794912, 0.040442, 0.440427)
bones/19/scale = Vector3(1, 1, 0.999998)
bones/20/name = "shin.L"
bones/20/parent = 19
bones/20/rest = Transform3D(0.999983, -0.00564002, -0.00142245, 0.00531195, 0.985129, -0.171734, 0.00236988, 0.171724, 0.985142, 7.27596e-11, 0.454531, -6.2937e-10)
bones/20/enabled = true
bones/20/position = Vector3(7.27596e-11, 0.454531, -6.2937e-10)
bones/20/rotation = Quaternion(0.646256, -0.000728684, 0.0206074, 0.762842)
bones/20/scale = Vector3(1, 1, 1)
bones/21/name = "foot.L"
bones/21/parent = 20
bones/21/rest = Transform3D(0.999909, 0.00618052, 0.0119906, -0.0134897, 0.457121, 0.889302, 1.52155e-05, -0.889383, 0.457162, -2.83035e-09, 0.527024, 1.81149e-09)
bones/21/enabled = true
bones/21/position = Vector3(-2.83035e-09, 0.527024, 1.81149e-09)
bones/21/rotation = Quaternion(-0.482373, 0.116636, 0.16897, 0.851564)
bones/21/scale = Vector3(1, 1, 1)
bones/22/name = "toe.L"
bones/22/parent = 21
bones/22/rest = Transform3D(-1, 1.28913e-07, 1.14024e-07, 4.88857e-08, 0.847998, -0.529998, -1.65016e-07, -0.529998, -0.847999, -3.26987e-09, 0.129246, 3.66551e-09)
bones/22/enabled = true
bones/22/position = Vector3(-3.26987e-09, 0.129246, 3.66551e-09)
bones/22/rotation = Quaternion(0.0134137, 0.888506, -0.439315, -0.13183)
bones/22/scale = Vector3(1, 1, 1)
bones/23/name = "heel.02.L"
bones/23/parent = 21
bones/23/rest = Transform3D(5.96046e-08, 1, 1.78814e-07, 0.847999, 0, -0.529998, -0.529998, 2.08616e-07, -0.847999, -0.038, 0.0199703, 0.0879905)
bones/23/enabled = true
bones/23/position = Vector3(-0.038, 0.0199703, 0.0879905)
bones/23/rotation = Quaternion(0.679706, 0.679706, -0.194936, 0.194937)
bones/23/scale = Vector3(1, 1, 1)
bones/24/name = "thigh.R"
bones/24/parent = 0
bones/24/rest = Transform3D(0.999971, 0.00764735, -6.93698e-05, 0.00718714, -0.942817, -0.333234, -0.00261376, 0.333224, -0.942843, -0.133788, 0.124534, 0.0120943)
bones/24/enabled = true
bones/24/position = Vector3(-0.133788, 0.124534, 0.0120943)
bones/24/rotation = Quaternion(0.433159, -0.106069, -0.0362943, 0.894318)
bones/24/scale = Vector3(1, 1, 0.999999)
bones/25/name = "shin.R"
bones/25/parent = 24
bones/25/rest = Transform3D(0.999898, -0.0142005, 0.00137563, 0.0142275, 0.985324, -0.170101, 0.00106007, 0.170103, 0.985426, 1.54068e-08, 0.46166, 4.9049e-09)
bones/25/enabled = true
bones/25/position = Vector3(1.54068e-08, 0.46166, 4.9049e-09)
bones/25/rotation = Quaternion(0.866678, 3.93474e-05, 0.0724211, 0.493583)
bones/25/scale = Vector3(1, 1, 1)
bones/26/name = "foot.R"
bones/26/parent = 25
bones/26/rest = Transform3D(0.999978, 0.00305971, 0.00593488, -0.00667717, 0.457404, 0.889234, 6.15604e-06, -0.889254, 0.457414, -1.27202e-08, 0.528771, 3.81885e-09)
bones/26/enabled = true
bones/26/position = Vector3(-1.27202e-08, 0.528771, 3.81885e-09)
bones/26/rotation = Quaternion(-0.627072, -0.113736, -0.203187, 0.743344)
bones/26/scale = Vector3(1, 1, 1)
bones/27/name = "toe.R"
bones/27/parent = 26
bones/27/rest = Transform3D(-1, 2.51569e-07, 3.17266e-07, 4.51798e-08, 0.847999, -0.529998, -4.02372e-07, -0.529998, -0.847999, 4.65839e-10, 0.129246, 7.29984e-09)
bones/27/enabled = true
bones/27/position = Vector3(4.65839e-10, 0.129246, 7.29984e-09)
bones/27/rotation = Quaternion(-0.182704, 0.918896, -0.349524, 0.00910609)
bones/27/scale = Vector3(1, 1, 1)
bones/28/name = "heel.02.R"
bones/28/parent = 26
bones/28/rest = Transform3D(-4.76837e-07, -1, 5.36442e-07, -0.847999, -1.19209e-07, -0.529998, 0.529998, -6.55651e-07, -0.847999, 0.038, 0.0199703, 0.0879905)
bones/28/enabled = true
bones/28/position = Vector3(0.038, 0.0199703, 0.0879905)
bones/28/rotation = Quaternion(-0.679706, 0.679706, -0.194937, -0.194936)
bones/28/scale = Vector3(1, 1, 1)
bones/29/name = "IK forearm.L.001"
bones/29/parent = -1
bones/29/rest = Transform3D(0.738492, -0.000641197, -0.674261, -0.674151, -0.0188308, -0.738353, -0.0122235, 0.999822, -0.0143387, 1.05085, 0.631109, -0.0336142)
bones/29/enabled = true
bones/29/position = Vector3(0.503082, 0.211488, 1.44072)
bones/29/rotation = Quaternion(0.870248, -0.130069, -0.337396, 0.334537)
bones/29/scale = Vector3(1, 1, 1)
bones/30/name = "IK Pole upper_arm.L.001"
bones/30/parent = 29
bones/30/rest = Transform3D(0.992078, -0.0115533, -0.125089, 0.0133696, 0.999817, 0.0136903, 0.124908, -0.0152543, 0.992051, -0.546947, 0.0989819, -0.0717645)
bones/30/enabled = true
bones/30/position = Vector3(-0.261723, 0.138949, 0.0465641)
bones/30/rotation = Quaternion(-0.00725071, -0.0626249, 0.00624328, 0.997991)
bones/30/scale = Vector3(1, 1, 1)
bones/31/name = "IK shin.L.001"
bones/31/parent = -1
bones/31/rest = Transform3D(0.999949, 0, 0.0101336, -0.0101336, 0, 0.999949, 0, -1, 0, 0.101579, 0.138882, -0.0162)
bones/31/enabled = true
bones/31/position = Vector3(0.215882, 0.205442, -0.0323142)
bones/31/rotation = Quaternion(-0.3677, 0.00471188, -0.00186311, 0.929931)
bones/31/scale = Vector3(1, 1, 1)
bones/32/name = "IK POLE thigh.L.001"
bones/32/parent = 31
bones/32/rest = Transform3D(1, 0, 0.000395449, 0, -1, 0, 0.000395449, 0, -1, 0.000600391, -0.229955, 0.647085)
bones/32/enabled = true
bones/32/position = Vector3(-0.0698889, -0.498412, 0.267304)
bones/32/rotation = Quaternion(1, -1.16421e-10, 0.000197725, 1.11064e-12)
bones/32/scale = Vector3(1, 1, 1)
bones/33/name = "IK shin.R.001"
bones/33/parent = -1
bones/33/rest = Transform3D(0.999949, 0, -0.0101336, 0.0101336, 0, 0.999949, 0, -1, 0, -0.137158, 0.138882, -0.0162)
bones/33/enabled = true
bones/33/position = Vector3(-0.286803, 0.192073, 0.568376)
bones/33/rotation = Quaternion(-0.0471089, -0.0492782, 0.0192566, 0.997488)
bones/33/scale = Vector3(1, 1, 1)
bones/34/name = "IK POLE thigh.R.001"
bones/34/parent = 33
bones/34/rest = Transform3D(1, 0, -0.000395449, 0, -1, 0, -0.000395449, 0, -1, 0.013486, -0.229955, 0.650129)
bones/34/enabled = true
bones/34/position = Vector3(0.0134861, -0.229955, 0.650129)
bones/34/rotation = Quaternion(1, -1.86296e-09, -0.000197723, -1.57124e-09)
bones/34/scale = Vector3(1, 1, 1)
bones/35/name = "IK forearm.R.001"
bones/35/parent = -1
bones/35/rest = Transform3D(0.738452, -0.000347823, 0.674306, 0.674307, 4.35114e-06, -0.738452, 0.000253946, 1, 0.000237763, -1.06134, 0.687533, -0.033633)
bones/35/enabled = true
bones/35/position = Vector3(-0.687575, 0.0821599, 0.586998)
bones/35/rotation = Quaternion(0.866983, 0.132822, 0.336352, 0.34288)
bones/35/scale = Vector3(1, 1, 1)
bones/36/name = "IK Pole upper_arm.R.001"
bones/36/parent = 35
bones/36/rest = Transform3D(0.992164, -0.000416168, 0.124945, 0.000328229, 1, 0.000724401, -0.124945, -0.000677713, 0.992163, 0.553746, 0.10657, -0.056202)
bones/36/enabled = true
bones/36/position = Vector3(0.277307, -0.220895, 0.271446)
bones/36/rotation = Quaternion(-0.000351217, 0.0625954, 0.000186465, 0.998039)
bones/36/scale = Vector3(1, 1, 1)

[node name="Head new_017" type="MeshInstance3D" parent="metarig/Skeleton3D"]
mesh = ExtResource("1_bsm4e")
skin = SubResource("Skin_uno72")

[node name="CollisionShape3D" type="CollisionShape3D" parent="."]
transform = Transform3D(1, 0, 0, 0, -4.37114e-08, -1, 0, 1, -4.37114e-08, 0.15, 1.325, -2.0875)
shape = SubResource("CapsuleShape3D_i5g87")

[node name="NavigationAgent3D" type="NavigationAgent3D" parent="."]
path_height_offset = 1.0

[node name="AnimationTree" type="AnimationTree" parent="."]
tree_root = SubResource("AnimationNodeStateMachine_ybqfy")
anim_player = NodePath("../AnimationPlayer")
parameters/conditions/attack = false
parameters/conditions/crawl = false
parameters/conditions/idleEnd = false
parameters/conditions/idleStart = false

[node name="AnimationPlayer" type="AnimationPlayer" parent="."]
libraries = {
"": SubResource("AnimationLibrary_q8qvy")
}

[node name="Jumpscare_Zone" type="Area3D" parent="."]

[node name="CollisionShape3D" type="CollisionShape3D" parent="Jumpscare_Zone"]
transform = Transform3D(1, 0, 0, 0, 1, 0, 0, 0, 1, 1.86265e-08, 3.625, -1.525)
shape = SubResource("CylinderShape3D_hi11v")

[node name="Instant_Detect_Zone" type="Area3D" parent="."]

[node name="CollisionShape3D" type="CollisionShape3D" parent="Instant_Detect_Zone"]
transform = Transform3D(1, 0, 0, 0, 1, 0, 0, 0, 1, 1.86265e-08, 3.625, -1.525)
shape = SubResource("CylinderShape3D_udum8")

[node name="Ear" type="Area3D" parent="."]

[node name="CollisionShape3D" type="CollisionShape3D" parent="Ear"]
transform = Transform3D(1, 0, 0, 0, 1, 0, 0, 0, 1, 1.86265e-08, 3.625, -1.525)
shape = SubResource("CylinderShape3D_hgrfi")

[connection signal="body_entered" from="Ear" to="." method="_on_ear_body_entered"]
[connection signal="body_exited" from="Ear" to="." method="_on_ear_body_exited"]
