[gd_scene load_steps=16 format=3 uid="uid://dxm0nacurayv6"]

[ext_resource type="PackedScene" uid="uid://c0kbyi1q8q3vo" path="res://Assets/small-rocks/Rock Piles.tscn" id="1_21xee"]
[ext_resource type="PackedScene" uid="uid://bko8pqe55a7it" path="res://Assets/small-rocks/Rock Piles (Rocks Only).tscn" id="2_r84oo"]
[ext_resource type="PackedScene" uid="uid://cjbd07hf764n2" path="res://Assets/JulienNoelAssets/Medfan_BarrelsAndBoxes/Boxes Without HitBox/Big Boxes 3.tscn" id="3_66rx4"]
[ext_resource type="PackedScene" uid="uid://b5tqqpndc6sso" path="res://Assets/JulienNoelAssets/Medfan_BarrelsAndBoxes/Boxes Without HitBox/Boxes 3.tscn" id="4_lsuv3"]
[ext_resource type="PackedScene" uid="uid://dvdx61n4bo21p" path="res://Assets/JulienNoelAssets/Medfan_BarrelsAndBoxes/Boxes Without HitBox/Boxes 5.tscn" id="5_c7rq2"]
[ext_resource type="PackedScene" uid="uid://0qu13dtmarre" path="res://Assets/JulienNoelAssets/Medfan_BarrelsAndBoxes/Boxes Without HitBox/Boxes 4.tscn" id="6_75kb3"]
[ext_resource type="PackedScene" uid="uid://c1ig24ngahthv" path="res://Assets/JulienNoelAssets/Medfan_BarrelsAndBoxes/Boxes Without HitBox/Boxes.tscn" id="7_eww28"]
[ext_resource type="PackedScene" uid="uid://dfgwb5mlna6hl" path="res://Assets/JulienNoelAssets/Medfan_BarrelsAndBoxes/Boxes Without HitBox/Big Boxes 2.tscn" id="8_77sy0"]
[ext_resource type="PackedScene" uid="uid://d2ckxe1ej3t7m" path="res://Assets/JulienNoelAssets/Medfan_BarrelsAndBoxes/Boxes Without HitBox/Big Boxes 4.tscn" id="9_gbbvs"]
[ext_resource type="PackedScene" uid="uid://2gunmjimq5gv" path="res://Assets/JulienNoelAssets/Medfan_BarrelsAndBoxes/Boxes Without HitBox/Boxes 2.tscn" id="10_d4l3y"]
[ext_resource type="PackedScene" uid="uid://cmvcar6y7ied0" path="res://Assets/JulienNoelAssets/Medfan_BarrelsAndBoxes/Boxes Without HitBox/Big Boxes 5.tscn" id="11_4ddxy"]

[sub_resource type="BoxShape3D" id="BoxShape3D_ydyiw"]
size = Vector3(5.75, 2, 1)

[sub_resource type="BoxShape3D" id="BoxShape3D_2si5o"]
size = Vector3(9.9, 2, 1)

[sub_resource type="BoxShape3D" id="BoxShape3D_6121r"]
size = Vector3(2.535, 2, 1.87)

[sub_resource type="BoxShape3D" id="BoxShape3D_odebo"]
size = Vector3(1.38, 2, 0.6)

[node name="Node3D" type="Node3D"]
transform = Transform3D(1, 0, 0, 0, 1, 0, 0, 0, 1, 0, 0, -1.55)

[node name="Node3D17" parent="." instance=ExtResource("1_21xee")]
transform = Transform3D(7.45058e-07, 0, -1, 0, 1, 0, 1, 0, 7.45058e-07, 25.0425, 0, -1.89047)

[node name="Node3D20" parent="." instance=ExtResource("1_21xee")]
transform = Transform3D(7.45058e-07, 0, -1, 0, 1, 0, 1, 0, 7.45058e-07, 14.0824, 0, -0.122704)

[node name="Node3D25" parent="." instance=ExtResource("2_r84oo")]
transform = Transform3D(-0.5, 0, -0.866025, 0, 1, 0, 0.866025, 0, -0.5, 14.2694, 0, -12.7308)

[node name="Node3D27" parent="." instance=ExtResource("2_r84oo")]
transform = Transform3D(0.5, 0, 0.866025, 0, 1, 0, -0.866025, 0, 0.5, 9.00187, 0, -16.5477)

[node name="Node3D12" parent="." instance=ExtResource("3_66rx4")]
transform = Transform3D(0.965926, 0, -0.258819, 0, 1, 0, 0.258819, 0, 0.965926, 26.4921, 0, -17.6236)

[node name="Node3D26" parent="." instance=ExtResource("4_lsuv3")]
transform = Transform3D(-0.939693, 0, 0.34202, 0, 1, 0, -0.34202, 0, -0.939693, 21.8252, 0, -20.947)

[node name="Node3D68" parent="." instance=ExtResource("3_66rx4")]
transform = Transform3D(0.819152, 0, 0.573577, 0, 1, 0, -0.573577, 0, 0.819152, 25.1895, 0, -14.5137)

[node name="Node3D77" parent="." instance=ExtResource("3_66rx4")]
transform = Transform3D(0.087156, 0, -0.996195, 0, 1, 0, 0.996195, 0, 0.087156, 16.7396, 0, -3.1646)

[node name="Node3D79" parent="." instance=ExtResource("3_66rx4")]
transform = Transform3D(0.996195, 0, -0.0871555, 0, 1, 0, 0.0871555, 0, 0.996195, 13.5576, 0, -5.42735)

[node name="Node3D70" parent="." instance=ExtResource("5_c7rq2")]
transform = Transform3D(-0.996195, 0, -0.0871552, 0, 1, 0, 0.0871552, 0, -0.996195, 24.5957, 0, -8.57128)

[node name="Node3D28" parent="." instance=ExtResource("5_c7rq2")]
transform = Transform3D(-0.707107, 0, 0.707107, 0, 1, 0, -0.707107, 0, -0.707107, 20.1988, 0, -19.6742)

[node name="Node3D60" parent="." instance=ExtResource("5_c7rq2")]
transform = Transform3D(-1, 0, 0, 0, 1, 0, 0, 0, -1, 20.6259, 0, -20.4577)

[node name="Node3D62" parent="." instance=ExtResource("4_lsuv3")]
transform = Transform3D(-0.996195, 0, 0.0871552, 0, 1, 0, -0.0871552, 0, -0.996195, 13.377, 0, -22.0838)

[node name="Node3D63" parent="." instance=ExtResource("6_75kb3")]
transform = Transform3D(0.642788, 0, -0.766045, 0, 1, 0, 0.766045, 0, 0.642788, 10.733, 0, -19.8721)

[node name="Node3D64" parent="." instance=ExtResource("7_eww28")]
transform = Transform3D(0.984807, 0, 0.173648, 0, 1, 0, -0.173648, 0, 0.984807, 13.5056, 0, -19.4708)

[node name="Node3D51" parent="." instance=ExtResource("8_77sy0")]
transform = Transform3D(-0.707107, 0, -0.707107, 0, 1, 0, 0.707107, 0, -0.707107, 6.7638, 0, -13.6638)

[node name="Node3D16" parent="." instance=ExtResource("9_gbbvs")]
transform = Transform3D(0.707107, 0, -0.707107, 0, 1, 0, 0.707107, 0, 0.707107, 22.1591, 0, -17.6746)

[node name="Node3D87" parent="." instance=ExtResource("9_gbbvs")]
transform = Transform3D(-0.642788, 0, 0.766044, 0, 1, 0, -0.766044, 0, -0.642788, 18.9417, 0, -14.2452)

[node name="Node3D61" parent="." instance=ExtResource("8_77sy0")]
transform = Transform3D(-0.707107, 0, 0.707107, 0, 1, 0, -0.707107, 0, -0.707107, 14.009, 0, -19.0942)

[node name="Node3D80" parent="." instance=ExtResource("9_gbbvs")]
transform = Transform3D(-0.707107, 0, 0.707107, 0, 1, 0, -0.707107, 0, -0.707107, 6.07366, 0, -2.5321)

[node name="Node3D86" parent="." instance=ExtResource("9_gbbvs")]
transform = Transform3D(-0.707107, 0, 0.707107, 0, 1, 0, -0.707107, 0, -0.707107, 4.09378, 0, -10.2396)

[node name="Node3D72" parent="." instance=ExtResource("4_lsuv3")]
transform = Transform3D(-0.707107, 0, 0.707107, 0, 1, 0, -0.707107, 0, -0.707107, 10.7943, 0, -1.64298)

[node name="Node3D73" parent="." instance=ExtResource("6_75kb3")]
transform = Transform3D(0.34202, 0, -0.939693, 0, 1, 0, 0.939693, 0, 0.34202, 11.9257, 0, -0.087347)

[node name="Node3D74" parent="." instance=ExtResource("5_c7rq2")]
transform = Transform3D(0.996195, 0, -0.0871558, 0, 1, 0, 0.0871558, 0, 0.996195, 11.4307, 0, -2.4208)

[node name="Node3D75" parent="." instance=ExtResource("7_eww28")]
transform = Transform3D(0.707107, 0, -0.707107, 0, 1, 0, 0.707107, 0, 0.707107, 14.1177, 0, -1.00658)

[node name="Node3D82" parent="." instance=ExtResource("4_lsuv3")]
transform = Transform3D(0, 0, 1, 0, 1, 0, -1, 0, 0, 7.08588, 0, -0.870895)

[node name="Node3D83" parent="." instance=ExtResource("6_75kb3")]
transform = Transform3D(-0.34202, 0, -0.939693, 0, 1, 0, 0.939693, 0, -0.34202, 6.88193, 0, 0.977325)

[node name="Node3D84" parent="." instance=ExtResource("7_eww28")]
transform = Transform3D(0.0871558, 0, -0.996195, 0, 1, 0, 0.996195, 0, 0.0871558, 2.82339, 0, 0.374008)

[node name="Node3D85" parent="." instance=ExtResource("7_eww28")]
transform = Transform3D(-0.939693, 0, -0.34202, 0, 1, 0, 0.34202, 0, -0.939693, 2.1163, 0, -9.73762)

[node name="Node3D76" parent="." instance=ExtResource("10_d4l3y")]
transform = Transform3D(0.866025, 0, 0.5, 0, 1, 0, -0.5, 0, 0.866025, 22.3909, 0, -3.62288)

[node name="Node3D24" parent="." instance=ExtResource("10_d4l3y")]
transform = Transform3D(0.707107, 0, 0.707107, 0, 1, 0, -0.707107, 0, 0.707107, 24.3708, 0, -18.3307)

[node name="Node3D45" parent="." instance=ExtResource("3_66rx4")]
transform = Transform3D(0.34202, 0, 0.939692, 0, 1, 0, -0.939692, 0, 0.34202, 0.82693, 0, -13.1939)

[node name="Node3D46" parent="." instance=ExtResource("3_66rx4")]
transform = Transform3D(-0.984808, 0, 0.173648, 0, 1, 0, -0.173648, 0, -0.984808, 1.35122, 0, -14.7417)

[node name="Node3D47" parent="." instance=ExtResource("4_lsuv3")]
transform = Transform3D(-0.642788, 0, -0.766045, 0, 1, 0, 0.766045, 0, -0.642788, 0.732608, 0, -13.6772)

[node name="Node3D48" parent="." instance=ExtResource("5_c7rq2")]
transform = Transform3D(-0.766045, 0, -0.642788, 0, 1, 0, 0.642788, 0, -0.766045, 5.94681, 0, -18.6012)

[node name="Node3D49" parent="." instance=ExtResource("7_eww28")]
transform = Transform3D(-0.642788, 0, 0.766045, 0, 1, 0, -0.766045, 0, -0.642788, 4.93557, 0, -19.7216)

[node name="Node3D50" parent="." instance=ExtResource("10_d4l3y")]
transform = Transform3D(-1, 0, 0, 0, 1, 0, 0, 0, -1, 3.1698, 0, -14.4681)

[node name="Node3D78" parent="." instance=ExtResource("11_4ddxy")]
transform = Transform3D(0.939693, 0, 0.34202, 0, 1, 0, -0.34202, 0, 0.939693, 19.2442, 0, -5.14315)

[node name="Node3D59" parent="." instance=ExtResource("11_4ddxy")]
transform = Transform3D(-0.422619, 0, -0.906308, 0, 1, 0, 0.906308, 0, -0.422619, 19.7746, 0, -19.3207)

[node name="Node3D81" parent="." instance=ExtResource("11_4ddxy")]
transform = Transform3D(0.866026, 0, 0.5, 0, 1, 0, -0.5, 0, 0.866026, 5.17281, 0, -4.22392)

[node name="StaticBody3D" type="StaticBody3D" parent="."]
transform = Transform3D(1, 0, 0, 0, 1, 0, 0, 0, 1, 8.6, 0, -20.05)

[node name="CollisionShape3D" type="CollisionShape3D" parent="StaticBody3D"]
transform = Transform3D(0.866025, 0, 0.5, 0, 1, 0, -0.5, 0, 0.866025, 0, 0, 0)
shape = SubResource("BoxShape3D_ydyiw")

[node name="StaticBody3D2" type="StaticBody3D" parent="."]
transform = Transform3D(1, 0, 0, 0, 1, 0, 0, 0, 1, 2.3, 0, -6.45)

[node name="CollisionShape3D" type="CollisionShape3D" parent="StaticBody3D2"]
transform = Transform3D(-0.258819, 0, 0.965926, 0, 1, 0, -0.965926, 0, -0.258819, 0.129407, 0, 0.938482)
shape = SubResource("BoxShape3D_2si5o")

[node name="CollisionShape3D2" type="CollisionShape3D" parent="StaticBody3D2"]
transform = Transform3D(-0.866025, 0, 0.5, 0, 1, 0, -0.5, 0, -0.866025, 0.390231, 0, 1.5416)
shape = SubResource("BoxShape3D_6121r")

[node name="CollisionShape3D3" type="CollisionShape3D" parent="StaticBody3D2"]
transform = Transform3D(-0.866025, 0, 0.5, 0, 1, 0, -0.5, 0, -0.866025, 0.630231, 0, 2.9016)
shape = SubResource("BoxShape3D_6121r")

[node name="CollisionShape3D4" type="CollisionShape3D" parent="StaticBody3D2"]
transform = Transform3D(-0.173648, 0, 0.984808, 0, 1, 0, -0.984808, 0, -0.173648, -0.756505, 0, 2.34425)
shape = SubResource("BoxShape3D_odebo")
