[gd_scene load_steps=8 format=3 uid="uid://cq2asp8gch6jg"]

[ext_resource type="PackedScene" uid="uid://c5gkskg72buqs" path="res://Assets/small-rocks/Scene/smallrocks 1.tscn" id="1_h8pax"]
[ext_resource type="PackedScene" uid="uid://dhehncnj727j7" path="res://Assets/small-rocks/Scene/smallrocks 4.tscn" id="2_iwfpo"]
[ext_resource type="PackedScene" uid="uid://cgty03d6qglcj" path="res://Assets/small-rocks/Scene/smallrocks 5.tscn" id="3_l5l4u"]
[ext_resource type="PackedScene" uid="uid://c6tabfw3vhe78" path="res://Assets/small-rocks/Scene/smallrocks 2.tscn" id="4_pwk3q"]
[ext_resource type="PackedScene" uid="uid://cb33xnw5bysmr" path="res://Assets/small-rocks/Scene/smallrocks 3.tscn" id="5_8t878"]

[sub_resource type="CylinderShape3D" id="CylinderShape3D_ac3k5"]
height = 5.4
radius = 3.05

[sub_resource type="BoxShape3D" id="BoxShape3D_dth3e"]
size = Vector3(5, 3.93152, 5.95015)

[node name="Node3D" type="Node3D"]

[node name="smallrock7" parent="." instance=ExtResource("1_h8pax")]
transform = Transform3D(-0.132189, 10.7707, -13.0817, 2.12023, 12.6242, 10.1242, 6.70135, -3.7817, -3.4612, -0.58109, 2.13467, -6.73013)

[node name="smallrock2" parent="." instance=ExtResource("2_iwfpo")]
transform = Transform3D(-5.83831, -2.00047, 5.15531, -4.98895, 6.78904, -2.55029, 3.73578, 5.94008, 4.65096, 1.98397, 2.07242, -6.51506)

[node name="smallrock1" parent="." instance=ExtResource("3_l5l4u")]
transform = Transform3D(1.37941, -6.61864, 1.98026, 4.97835, 2.23262, 0.511594, -0.935792, 2.1211, 5.64064, -1.52487, -0.0591175, -2.23205)

[node name="smallrock5" parent="." instance=ExtResource("4_pwk3q")]
transform = Transform3D(2.40558, 1.48088, 2.05161, 2.50877, 2.57233, -1.76438, -1.84308, 5.43424, 0.276095, 2.64904, 0.572991, -5.38205)

[node name="smallrock6" parent="." instance=ExtResource("2_iwfpo")]
transform = Transform3D(0.5, 0, -0.866025, 0, 1, 0, 0.866025, 0, 0.5, 4.7141, -1.49012e-08, -3.51603)

[node name="smallrock8" parent="." instance=ExtResource("4_pwk3q")]
transform = Transform3D(-2.37474, 1.49488, -1.49488, -5.50671e-15, 2.32563, 2.32563, 1.99264, 1.78153, -1.78153, 0.24808, 0.072991, -3.06506)

[node name="smallrock4" parent="." instance=ExtResource("3_l5l4u")]
transform = Transform3D(2.51416, 2.88818, 2.1239, -1.83162, 4.19679, -1.06888, -1.37262, -0.310036, 5.31652, -1.41458, 0.040883, -2.07308)

[node name="smallrock9" parent="." instance=ExtResource("4_pwk3q")]
transform = Transform3D(3.54136, 3.48881, -2.94895, -3.46289, 4.08146, -1.88502, 0.622316, 2.85787, 6.29209, -3.25, 1.07299, -4.64615)

[node name="smallrock3" parent="." instance=ExtResource("3_l5l4u")]
transform = Transform3D(-0.87164, -20.6652, 6.9191, -4.85767, 10.5215, 8.42993, -5.3518, -6.18436, -8.7785, 2.13109, 0.940883, -4.48013)

[node name="smallrock10" parent="." instance=ExtResource("1_h8pax")]
transform = Transform3D(-0.258819, 0, -0.965926, 0, 1, 0, 0.965926, 0, -0.258819, 1.93301, -0.000349998, -1.33301)

[node name="smallrock11" parent="." instance=ExtResource("4_pwk3q")]
transform = Transform3D(0.5, 0, -0.866025, 0, 1, 0, 0.866025, 0, 0.5, 3.66506, 0.072991, -2.33301)

[node name="smallrock12" parent="." instance=ExtResource("5_8t878")]
transform = Transform3D(-0.258819, 0, -0.965926, 0, 1, 0, 0.965926, 0, -0.258819, -0.316025, 0.016776, -0.3)

[node name="smallrock14" parent="." instance=ExtResource("3_l5l4u")]
transform = Transform3D(-0.866025, 0, -0.5, 0, 1, 0, 0.5, 0, -0.866025, -1.63205, -0.0591175, -0.833013)

[node name="smallrock15" parent="." instance=ExtResource("1_h8pax")]
transform = Transform3D(0.5, 0, -0.866025, 0, 1, 0, 0.866025, 0, 0.5, -4.54711, -0.000349998, -0.882051)

[node name="smallrock16" parent="." instance=ExtResource("3_l5l4u")]
transform = Transform3D(0.5, 0, -0.866025, 0, 1, 0, 0.866025, 0, 0.5, -3.18109, -0.0591175, -0.516026)

[node name="smallrock17" parent="." instance=ExtResource("5_8t878")]
transform = Transform3D(0.5, 0, -0.866025, 0, 1, 0, 0.866025, 0, 0.5, 1.06314, 0.016776, -0.46506)

[node name="StaticBody3D" type="StaticBody3D" parent="."]
transform = Transform3D(1, 0, 0, 0, 1, 0, 0, 0, 1, -2.6, 0, -4.1)

[node name="CollisionShape3D" type="CollisionShape3D" parent="StaticBody3D"]
transform = Transform3D(1, 0, 0, 0, 1, 0, 0, 0, 1, 0, 1.3, 0)
shape = SubResource("CylinderShape3D_ac3k5")

[node name="CollisionShape3D3" type="CollisionShape3D" parent="StaticBody3D"]
transform = Transform3D(0.945683, 0, 0.32509, 0, 1, 0, -0.32509, 0, 0.945683, 2.18087, 2.76576, -0.657472)
shape = SubResource("BoxShape3D_dth3e")

[node name="CollisionShape3D2" type="CollisionShape3D" parent="StaticBody3D"]
transform = Transform3D(1, 0, 0, 0, 1, 0, 0, 0, 1, 3.95, 1.3, -1.3)
shape = SubResource("CylinderShape3D_ac3k5")

[node name="CollisionShape3D4" type="CollisionShape3D" parent="StaticBody3D"]
transform = Transform3D(1, 0, 0, 0, 1, 0, 0, 0, 1, 1.45, 1.3, -1.6)
shape = SubResource("CylinderShape3D_ac3k5")
