[gd_scene load_steps=14 format=3 uid="uid://byvssup2gqs8p"]

[ext_resource type="Material" uid="uid://bd7n8bcjg2voj" path="res://Assets/stone-house-siding-bl/Stone Brick.tres" id="1_8w7nf"]
[ext_resource type="Material" uid="uid://dxeqs36gf571k" path="res://Assets/small-rocks/Stone Texture.tres" id="2_3lr6t"]
[ext_resource type="PackedScene" uid="uid://dr1i2s8sgo5i4" path="res://Assets/Medieval props/Prefabs/BookShelf.tscn" id="3_4cu0p"]
[ext_resource type="PackedScene" uid="uid://c0kbyi1q8q3vo" path="res://Assets/small-rocks/Rock Piles.tscn" id="3_cmmrg"]
[ext_resource type="PackedScene" uid="uid://bko8pqe55a7it" path="res://Assets/small-rocks/Rock Piles (Rocks Only).tscn" id="4_is4d7"]
[ext_resource type="PackedScene" uid="uid://bwhhygxs5ew2m" path="res://Assets/Medieval props/Prefabs/Big BookShelf2.tscn" id="5_hl846"]
[ext_resource type="PackedScene" uid="uid://b3tw8328r4oqg" path="res://Assets/Medieval props/Prefabs/Big BookShelf3.tscn" id="6_yv5yk"]
[ext_resource type="PackedScene" uid="uid://bcqurcshi13kc" path="res://Assets/Medieval props/Prefabs/Big BookShelf4.tscn" id="7_568jr"]
[ext_resource type="PackedScene" uid="uid://b5v052h63yudf" path="res://Assets/Medieval props/Prefabs/Big BookShelf.tscn" id="8_1njey"]
[ext_resource type="PackedScene" uid="uid://yoxubocqp2ox" path="res://Assets/Medieval props/Prefabs/TableV2.prefab.scn" id="9_wdriy"]
[ext_resource type="PackedScene" uid="uid://dgyeslxgwklp1" path="res://Assets/Medieval props/Prefabs/ChairV3.prefab.scn" id="10_qofbh"]
[ext_resource type="PackedScene" uid="uid://bh0kfd5w2r6qo" path="res://Assets/Medieval props/Prefabs/BookShelf4.tscn" id="11_b067r"]
[ext_resource type="PackedScene" uid="uid://cq2asp8gch6jg" path="res://Assets/small-rocks/Rock Piles 2(Rocks Only).tscn" id="13_5tfmh"]

[node name="Library" type="Node3D"]

[node name="Walls2" type="Node3D" parent="."]
transform = Transform3D(1, 0, 0, 0, 1, 0, 0, 0, 1, -106.8, 0, -11.75)

[node name="Wall" type="CSGBox3D" parent="Walls2"]
transform = Transform3D(-2.18557e-07, 5, 0, -5, -2.18557e-07, 0, 0, 0, 5, 46.2, 4, -92.2)
material_override = ExtResource("1_8w7nf")
use_collision = true
size = Vector3(1.2, 18.5, 0.05)
material = ExtResource("2_3lr6t")

[node name="Wall3" type="CSGBox3D" parent="Walls2"]
transform = Transform3D(-2.18557e-07, 5, 0, -5, -2.18557e-07, 0, 0, 0, 5, 9.825, 4, 0.0749998)
material_override = ExtResource("1_8w7nf")
use_collision = true
size = Vector3(1.2, 3.95, 0.05)
material = ExtResource("2_3lr6t")

[node name="Wall6" type="CSGBox3D" parent="Walls2"]
transform = Transform3D(-2.18557e-07, 5, 0, -5, -2.18557e-07, 0, 0, 0, 5, 79.45, 4, 0.0749998)
material_override = ExtResource("1_8w7nf")
use_collision = true
size = Vector3(1.2, 5.2, 0.05)
material = ExtResource("2_3lr6t")

[node name="Wall2" type="CSGBox3D" parent="Walls2"]
transform = Transform3D(9.55343e-15, -2.18557e-07, 5, -5, -2.18557e-07, 0, 2.18557e-07, -5, -2.18557e-07, 92.3, 4, -6.925)
material_override = ExtResource("1_8w7nf")
use_collision = true
size = Vector3(1.2, 2.85, 0.05)
material = ExtResource("2_3lr6t")

[node name="Wall5" type="CSGBox3D" parent="Walls2"]
transform = Transform3D(9.55343e-15, -2.18557e-07, 5, -5, -2.18557e-07, 0, 2.18557e-07, -5, -2.18557e-07, 92.3, 4, -64.3)
material_override = ExtResource("1_8w7nf")
use_collision = true
size = Vector3(1.2, 11.2, 0.05)
material = ExtResource("2_3lr6t")

[node name="Wall7" type="CSGBox3D" parent="Walls2"]
transform = Transform3D(9.55343e-15, -2.18557e-07, 5, -5, -2.18557e-07, 0, 2.18557e-07, -5, -2.18557e-07, 52.9, 4, -9.7)
material_override = ExtResource("1_8w7nf")
use_collision = true
size = Vector3(1.2, 4, 0.05)
material = ExtResource("2_3lr6t")

[node name="Wall15" type="CSGBox3D" parent="Walls2"]
transform = Transform3D(9.55343e-15, -2.40413e-07, 5, -5, -2.40413e-07, 0, 2.18557e-07, -5.5, -2.18557e-07, 39.74, 4, -75.95)
material_override = ExtResource("1_8w7nf")
use_collision = true
size = Vector3(1.2, 4.7, 0.05)
material = ExtResource("2_3lr6t")

[node name="Wall16" type="CSGBox3D" parent="Walls2"]
transform = Transform3D(9.55343e-15, -2.40413e-07, 5, -5, -2.40413e-07, 0, 2.18557e-07, -5.5, -2.18557e-07, 49.24, 4, -63.85)
material_override = ExtResource("1_8w7nf")
use_collision = true
size = Vector3(1.2, 9.1, 0.05)
material = ExtResource("2_3lr6t")

[node name="Wall17" type="CSGBox3D" parent="Walls2"]
transform = Transform3D(9.55343e-15, -2.40413e-07, 5, -5, -2.40413e-07, 0, 2.18557e-07, -5.5, -2.18557e-07, 29.39, 4, -67.7)
material_override = ExtResource("1_8w7nf")
use_collision = true
size = Vector3(1.2, 7.7, 0.05)
material = ExtResource("2_3lr6t")

[node name="Wall22" type="CSGBox3D" parent="Walls2"]
transform = Transform3D(9.55343e-15, -2.40413e-07, 5, -5, -2.40413e-07, 0, 2.18557e-07, -5.5, -2.18557e-07, 18.74, 4, -52.4375)
material_override = ExtResource("1_8w7nf")
use_collision = true
size = Vector3(1.2, 4.95, 0.05)
material = ExtResource("2_3lr6t")

[node name="Wall23" type="CSGBox3D" parent="Walls2"]
transform = Transform3D(9.55343e-15, -2.40413e-07, 5, -5, -2.40413e-07, 0, 2.18557e-07, -5.5, -2.18557e-07, 18.74, 4, -81.45)
material_override = ExtResource("1_8w7nf")
use_collision = true
size = Vector3(1.2, 2.7, 0.05)
material = ExtResource("2_3lr6t")

[node name="Wall24" type="CSGBox3D" parent="Walls2"]
transform = Transform3D(9.55343e-15, -2.40413e-07, 5, -5, -2.40413e-07, 0, 2.18557e-07, -5.5, -2.18557e-07, 8.93999, 4, -73.75)
material_override = ExtResource("1_8w7nf")
use_collision = true
size = Vector3(1.2, 5.5, 0.05)
material = ExtResource("2_3lr6t")

[node name="Wall25" type="CSGBox3D" parent="Walls2"]
transform = Transform3D(9.55343e-15, -2.40413e-07, 5, -5, -2.40413e-07, 0, 2.18557e-07, -5.5, -2.18557e-07, 8.93999, 4, -44.325)
material_override = ExtResource("1_8w7nf")
use_collision = true
size = Vector3(1.2, 2, 0.05)
material = ExtResource("2_3lr6t")

[node name="Wall8" type="CSGBox3D" parent="Walls2"]
transform = Transform3D(-2.18557e-07, 5, 5.68434e-14, -5, -2.18557e-07, 0, -8.47033e-22, -5.68434e-14, 5, 24.35, 4, -36.3)
material_override = ExtResource("1_8w7nf")
use_collision = true
size = Vector3(1.2, 9.7, 0.05)
material = ExtResource("2_3lr6t")

[node name="Wall9" type="CSGBox3D" parent="Walls2"]
transform = Transform3D(-2.18557e-07, 5, 5.68434e-14, -5, -2.18557e-07, 0, -8.47033e-22, -5.68434e-14, 5, 79.675, 4, -36.3)
material_override = ExtResource("1_8w7nf")
use_collision = true
size = Vector3(1.2, 5.1, 0.05)
material = ExtResource("2_3lr6t")

[node name="Wall4" type="CSGBox3D" parent="Walls2"]
transform = Transform3D(9.55343e-15, -2.18557e-07, 5, -5, -2.18557e-07, 0, 2.18557e-07, -5, -2.18557e-07, 0.075, 4, -46.05)
material_override = ExtResource("1_8w7nf")
use_collision = true
size = Vector3(1.2, 18.5, 0.05)
material = ExtResource("2_3lr6t")

[node name="Rocks" type="Node3D" parent="."]
transform = Transform3D(1, 0, 0, 0, 1, 0, 0, 0, 1, 0, 0.485, 0)

[node name="Node3D21" parent="Rocks" instance=ExtResource("3_cmmrg")]
transform = Transform3D(0.960551, 0, 0.278103, 0, 1, 0, -0.278103, 0, 0.960551, -99.35, 0.928223, -26.6405)

[node name="Node3D25" parent="Rocks" instance=ExtResource("3_cmmrg")]
transform = Transform3D(0.517236, 0, -0.855843, 0, 1, 0, 0.855843, 0, 0.517236, -95.72, 0.928223, 1.0695)

[node name="Node3D22" parent="Rocks" instance=ExtResource("3_cmmrg")]
transform = Transform3D(0.726479, 0, -0.687189, 0, 1, 0, 0.687189, 0, 0.726479, -95.8783, 0.928223, 5.7369)

[node name="Node3D26" parent="Rocks" instance=ExtResource("3_cmmrg")]
transform = Transform3D(0.726479, 0, -0.687189, 0, 1, 0, 0.687189, 0, 0.726479, -94.8783, 0.928223, -8.2631)

[node name="Node3D23" parent="Rocks" instance=ExtResource("3_cmmrg")]
transform = Transform3D(0.0671965, 0, 0.99774, 0, 1, 0, -0.99774, 0, 0.0671965, -116.588, 0.928223, -38.4885)

[node name="Node3D52" parent="Rocks" instance=ExtResource("3_cmmrg")]
transform = Transform3D(0.946351, 0, -0.323141, 0, 1, 0, 0.323141, 0, 0.946351, -2.3131, 0.928223, -22.6108)

[node name="Node3D53" parent="Rocks" instance=ExtResource("3_cmmrg")]
transform = Transform3D(-0.0671962, 0, -0.997739, 0, 1, 0, 0.997739, 0, -0.0671962, -15.2334, 0.928223, 2.1699)

[node name="Node3D54" parent="Rocks" instance=ExtResource("3_cmmrg")]
transform = Transform3D(-0.747891, 0, -0.663822, 0, 1, 0, 0.663822, 0, -0.747891, -33.9021, 0.928223, 5.9214)

[node name="Node3D55" parent="Rocks" instance=ExtResource("3_cmmrg")]
transform = Transform3D(0.200941, 0, -0.979604, 0, 1, 0, 0.979604, 0, 0.200941, -9.191, 0.928223, -4.99211)

[node name="Node3D56" parent="Rocks" instance=ExtResource("3_cmmrg")]
transform = Transform3D(0.72112, 0, -0.69281, 0, 1, 0, 0.69281, 0, 0.72112, -10.5761, 0.928223, -4.84871)

[node name="Node3D82" parent="Rocks" instance=ExtResource("3_cmmrg")]
transform = Transform3D(-0.981134, 0, -0.193327, 0, 1, 0, 0.193327, 0, -0.981134, -15.6336, 0.928223, -40.4374)

[node name="Node3D83" parent="Rocks" instance=ExtResource("3_cmmrg")]
transform = Transform3D(-0.440676, 0, 0.897665, 0, 1, 0, -0.897665, 0, -0.440676, -16.8347, 0.928223, -68.3583)

[node name="Node3D84" parent="Rocks" instance=ExtResource("3_cmmrg")]
transform = Transform3D(-0.663822, 0, 0.747891, 0, 1, 0, -0.747891, 0, -0.663822, -18.4866, 0.928223, -59.1346)

[node name="Node3D85" parent="Rocks" instance=ExtResource("3_cmmrg")]
transform = Transform3D(-0.970913, 0, 0.239431, 0, 1, 0, -0.239431, 0, -0.970913, -17.3587, 0.928223, -59.9514)

[node name="Node3D78" parent="Rocks" instance=ExtResource("3_cmmrg")]
transform = Transform3D(-0.753024, 0, -0.657993, 0, 1, 0, 0.657993, 0, -0.753024, -8.86071, 0.928223, -75.2248)

[node name="Node3D79" parent="Rocks" instance=ExtResource("3_cmmrg")]
transform = Transform3D(-0.830469, 0, 0.557063, 0, 1, 0, -0.557063, 0, -0.830469, -23.8613, 0.928223, -98.8045)

[node name="Node3D80" parent="Rocks" instance=ExtResource("3_cmmrg")]
transform = Transform3D(-0.948832, 0, 0.315782, 0, 1, 0, -0.315782, 0, -0.948832, -20.68, 0.928223, -89.9906)

[node name="Node3D81" parent="Rocks" instance=ExtResource("3_cmmrg")]
transform = Transform3D(-0.960551, 0, -0.278103, 0, 1, 0, 0.278103, 0, -0.960551, -20.1116, 0.928223, -91.2619)

[node name="Node3D90" parent="Rocks" instance=ExtResource("3_cmmrg")]
transform = Transform3D(-0.32314, 0, -0.94635, 0, 1, 0, 0.94635, 0, -0.32314, -5.56941, 0.928223, -93.3096)

[node name="Node3D91" parent="Rocks" instance=ExtResource("3_cmmrg")]
transform = Transform3D(-0.0594462, 0, -0.998232, 0, 1, 0, 0.998232, 0, -0.0594462, 2.12078, 0.928223, -98.6637)

[node name="Node3D92" parent="Rocks" instance=ExtResource("3_cmmrg")]
transform = Transform3D(0.517236, 0, -0.855843, 0, 1, 0, 0.855843, 0, 0.517236, 0.745689, 0.928223, -98.8837)

[node name="Node3D57" parent="Rocks" instance=ExtResource("3_cmmrg")]
transform = Transform3D(-0.999799, 0, -0.0200181, 0, 1, 0, 0.0200181, 0, -0.999799, -46.6719, 0.928223, -3.7015)

[node name="Node3D58" parent="Rocks" instance=ExtResource("3_cmmrg")]
transform = Transform3D(-0.958363, 0, -0.285555, 0, 1, 0, 0.285555, 0, -0.958363, -50.6348, 0.928223, -6.1723)

[node name="Node3D59" parent="Rocks" instance=ExtResource("3_cmmrg")]
transform = Transform3D(-0.958363, 0, -0.285555, 0, 1, 0, 0.285555, 0, -0.958363, -39.0104, 0.928223, 1.6937)

[node name="Node3D60" parent="Rocks" instance=ExtResource("3_cmmrg")]
transform = Transform3D(0.72112, 0, -0.69281, 0, 1, 0, 0.69281, 0, 0.72112, -31.0276, 0.928223, -8.1564)

[node name="Node3D61" parent="Rocks" instance=ExtResource("3_cmmrg")]
transform = Transform3D(-0.482564, 0, -0.875861, 0, 1, 0, 0.875861, 0, -0.482564, -53.2102, 0.928223, 8.8423)

[node name="Node3D62" parent="Rocks" instance=ExtResource("3_cmmrg")]
transform = Transform3D(-0.231884, 0, -0.972744, 0, 1, 0, 0.972744, 0, -0.231884, -57.3314, 0.928223, 11.0389)

[node name="Node3D63" parent="Rocks" instance=ExtResource("3_cmmrg")]
transform = Transform3D(-0.231884, 0, -0.972744, 0, 1, 0, 0.972744, 0, -0.231884, -44.7071, 0.928223, 4.9049)

[node name="Node3D64" parent="Rocks" instance=ExtResource("3_cmmrg")]
transform = Transform3D(-0.855843, 0, -0.517236, 0, 1, 0, 0.517236, 0, -0.855843, -60.1023, 0.928223, 5.2564)

[node name="Node3D65" parent="Rocks" instance=ExtResource("3_cmmrg")]
transform = Transform3D(0.69281, 0, 0.72112, 0, 1, 0, -0.72112, 0, 0.69281, -56.1677, 0.928223, -22.422)

[node name="Node3D66" parent="Rocks" instance=ExtResource("3_cmmrg")]
transform = Transform3D(-0.285555, 0, 0.958362, 0, 1, 0, -0.958362, 0, -0.285555, -62.7684, 0.928223, -27.4471)

[node name="Node3D67" parent="Rocks" instance=ExtResource("3_cmmrg")]
transform = Transform3D(-0.879582, 0, 0.475747, 0, 1, 0, -0.475747, 0, -0.879582, -63.053, 0.928223, -12.4524)

[node name="Node3D68" parent="Rocks" instance=ExtResource("3_cmmrg")]
transform = Transform3D(-0.72112, 0, 0.69281, 0, 1, 0, -0.69281, 0, -0.72112, -44.3129, 0.928223, -72.1413)

[node name="Node3D69" parent="Rocks" instance=ExtResource("3_cmmrg")]
transform = Transform3D(-0.879583, 0, 0.475747, 0, 1, 0, -0.475747, 0, -0.879583, -45.368, 0.928223, -76.6906)

[node name="Node3D70" parent="Rocks" instance=ExtResource("3_cmmrg")]
transform = Transform3D(-0.879583, 0, 0.475747, 0, 1, 0, -0.475747, 0, -0.879583, -42.7104, 0.928223, -62.9088)

[node name="Node3D72" parent="Rocks" instance=ExtResource("3_cmmrg")]
transform = Transform3D(-0.960552, 0, -0.278103, 0, 1, 0, 0.278103, 0, -0.960552, -57.806, 0.928223, -67.8948)

[node name="Node3D73" parent="Rocks" instance=ExtResource("3_cmmrg")]
transform = Transform3D(-0.851801, 0, -0.523867, 0, 1, 0, 0.523867, 0, -0.851801, -49.0092, 0.928223, -64.6664)

[node name="Node3D74" parent="Rocks" instance=ExtResource("3_cmmrg")]
transform = Transform3D(-0.970914, 0, 0.239431, 0, 1, 0, -0.239431, 0, -0.970914, -60.1438, 0.928223, -75.3039)

[node name="Node3D75" parent="Rocks" instance=ExtResource("3_cmmrg")]
transform = Transform3D(0.999799, 0, 0.0200183, 0, 1, 0, -0.0200183, 0, 0.999799, -37.79, 0.928223, -92.0933)

[node name="Node3D76" parent="Rocks" instance=ExtResource("3_cmmrg")]
transform = Transform3D(0.475746, 0, 0.879582, 0, 1, 0, -0.879582, 0, 0.475746, -38.9041, 0.928223, -100.314)

[node name="Node3D31" parent="Rocks" instance=ExtResource("3_cmmrg")]
transform = Transform3D(-0.404391, 0, -0.914586, 0, 1, 0, 0.914586, 0, -0.404391, -104.303, 0.928223, -24.4455)

[node name="Node3D36" parent="Rocks" instance=ExtResource("3_cmmrg")]
transform = Transform3D(-0.404391, 0, -0.914586, 0, 1, 0, 0.914586, 0, -0.404391, -65.5532, 1.72822, -37.6955)

[node name="Node3D37" parent="Rocks" instance=ExtResource("3_cmmrg")]
transform = Transform3D(-0.589859, 0, 0.807506, 0, 1, 0, -0.807506, 0, -0.589859, -87.3032, 1.72822, -83.5455)

[node name="Node3D38" parent="Rocks" instance=ExtResource("3_cmmrg")]
transform = Transform3D(0.153899, 0, 0.988086, 0, 1, 0, -0.988086, 0, 0.153899, -95.7032, 1.47822, -113.296)

[node name="Node3D39" parent="Rocks" instance=ExtResource("3_cmmrg")]
transform = Transform3D(0.10708, 0, -0.99425, 0, 1, 0, 0.99425, 0, 0.10708, -98.5032, 1.47822, -60.5455)

[node name="Node3D40" parent="Rocks" instance=ExtResource("3_cmmrg")]
transform = Transform3D(-0.58986, 0, 0.807506, 0, 1, 0, -0.807506, 0, -0.58986, -115.662, 1.47822, -64.6655)

[node name="Node3D41" parent="Rocks" instance=ExtResource("3_cmmrg")]
transform = Transform3D(-0.778759, 0, 0.627324, 0, 1, 0, -0.627324, 0, -0.778759, -115.595, 1.47822, -54.1755)

[node name="Node3D24" parent="Rocks" instance=ExtResource("3_cmmrg")]
transform = Transform3D(0.894216, 0, 0.447634, 0, 1, 0, -0.447634, 0, 0.894216, -98.681, 0.928223, -35.6654)

[node name="Node3D27" parent="Rocks" instance=ExtResource("3_cmmrg")]
transform = Transform3D(0.960551, 0, 0.278103, 0, 1, 0, -0.278103, 0, 0.960551, 1.69999, 0.928223, -77.9405)

[node name="Node3D28" parent="Rocks" instance=ExtResource("3_cmmrg")]
transform = Transform3D(0.0671965, 0, 0.99774, 0, 1, 0, -0.99774, 0, 0.0671965, -15.538, 0.928223, -89.7885)

[node name="Node3D42" parent="Rocks" instance=ExtResource("3_cmmrg")]
transform = Transform3D(-0.404391, 0, -0.914586, 0, 1, 0, 0.914586, 0, -0.404391, -3.25321, 0.928223, -75.7455)

[node name="Node3D29" parent="Rocks" instance=ExtResource("3_cmmrg")]
transform = Transform3D(0.894216, 0, 0.447634, 0, 1, 0, -0.447634, 0, 0.894216, 2.36899, 0.928223, -86.9654)

[node name="Node3D30" parent="Rocks" instance=ExtResource("3_cmmrg")]
transform = Transform3D(0.960551, 0, 0.278103, 0, 1, 0, -0.278103, 0, 0.960551, -100.6, 0.928223, -39.4905)

[node name="Node3D44" parent="Rocks" instance=ExtResource("3_cmmrg")]
transform = Transform3D(-0.404391, 0, -0.914586, 0, 1, 0, 0.914586, 0, -0.404391, -105.553, 0.928223, -37.2955)

[node name="Node3D45" parent="Rocks" instance=ExtResource("3_cmmrg")]
transform = Transform3D(0.894216, 0, 0.447634, 0, 1, 0, -0.447634, 0, 0.894216, -99.931, 0.928223, -48.5154)

[node name="Node3D46" parent="Rocks" instance=ExtResource("4_is4d7")]
transform = Transform3D(0.1569, 0, 0.987615, 0, 1, 0, -0.987615, 0, 0.1569, -107.992, 0.500001, -48.7312)

[node name="Node3D407" parent="Rocks" instance=ExtResource("13_5tfmh")]
transform = Transform3D(1, 0, 0, 0, 1, 0, 0, 0, 1, -40.85, 0, 2.65)

[node name="Node3D409" parent="Rocks" instance=ExtResource("4_is4d7")]
transform = Transform3D(-0.965926, 0, 0.258819, 0, 1, 0, -0.258819, 0, -0.965926, -66.8, 0, -2.15)

[node name="Node3D411" parent="Rocks" instance=ExtResource("13_5tfmh")]
transform = Transform3D(0.965926, 0, 0.258819, 0, 1, 0, -0.258819, 0, 0.965926, -10.15, 0, -62.75)

[node name="Node3D412" parent="Rocks" instance=ExtResource("4_is4d7")]
transform = Transform3D(0.5, 0, -0.866025, 0, 1, 0, 0.866025, 0, 0.5, -1.1, 0, -66.4)

[node name="Node3D408" parent="Rocks" instance=ExtResource("4_is4d7")]
transform = Transform3D(0.5, 0, -0.866025, 0, 1, 0, 0.866025, 0, 0.5, -51.05, 0.25, 3.8)

[node name="Node3D86" parent="Rocks" instance=ExtResource("3_cmmrg")]
transform = Transform3D(-0.239431, 0, -0.970913, 0, 1, 0, 0.970913, 0, -0.239431, -9.62356, 0.928223, 6.9038)

[node name="Node3D87" parent="Rocks" instance=ExtResource("3_cmmrg")]
transform = Transform3D(-0.999614, 0, -0.027782, 0, 1, 0, 0.027782, 0, -0.999614, -29.0036, 0.928223, 2.91061)

[node name="Node3D88" parent="Rocks" instance=ExtResource("3_cmmrg")]
transform = Transform3D(0.027782, 0, -0.999614, 0, 1, 0, 0.999614, 0, 0.027782, -2.42927, 0.928223, 0.899801)

[node name="Node3D89" parent="Rocks" instance=ExtResource("3_cmmrg")]
transform = Transform3D(-0.69281, 0, -0.72112, 0, 1, 0, 0.72112, 0, -0.69281, -17.2089, 0.928223, 5.22389)

[node name="Node3D414" parent="Rocks" instance=ExtResource("4_is4d7")]
transform = Transform3D(-0.707107, 0, -0.707107, 0, 1, 0, 0.707107, 0, -0.707107, -20.3856, 0.25, 7.1044)

[node name="Node3D415" parent="Rocks" instance=ExtResource("4_is4d7")]
transform = Transform3D(0.965926, 0, -0.258819, 0, 1, 0, 0.258819, 0, 0.965926, -2.28563, 0.25, -18.0956)

[node name="Node3D410" parent="Rocks" instance=ExtResource("13_5tfmh")]
transform = Transform3D(0.5, 0, 0.866025, 0, 1, 0, -0.866025, 0, 0.5, -94.5, -0.8, -17.7)

[node name="Node3D413" parent="Rocks" instance=ExtResource("4_is4d7")]
transform = Transform3D(-0.258819, 0, 0.965926, 0, 1, 0, -0.965926, 0, -0.258819, -31.05, -0.8, -14.8)

[node name="Node3D71" parent="Rocks" instance=ExtResource("3_cmmrg")]
transform = Transform3D(0.0200183, 0, -0.999799, 0, 1, 0, 0.999799, 0, 0.0200183, -30.1006, 0.128223, -64.2292)

[node name="Node3D77" parent="Rocks" instance=ExtResource("3_cmmrg")]
transform = Transform3D(-0.285554, 0, 0.958362, 0, 1, 0, -0.958362, 0, -0.285554, -49.7082, 0.128223, -89.9124)

[node name="Node3D32" parent="Rocks" instance=ExtResource("4_is4d7")]
transform = Transform3D(0.981718, 0, 0.190347, 0, 1, 0, -0.190347, 0, 0.981718, -98.432, -0.299999, -1.9114)

[node name="Node3D34" parent="Rocks" instance=ExtResource("4_is4d7")]
transform = Transform3D(-0.828775, 0, 0.559584, 0, 1, 0, -0.559584, 0, -0.828775, -105.497, -0.299999, -9.7014)

[node name="Node3D35" parent="Rocks" instance=ExtResource("4_is4d7")]
transform = Transform3D(0.190347, 0, -0.981718, 0, 1, 0, 0.981718, 0, 0.190347, -96.587, -0.299999, -3.3514)

[node name="Node3D33" parent="Rocks" instance=ExtResource("4_is4d7")]
transform = Transform3D(0.1569, 0, 0.987615, 0, 1, 0, -0.987615, 0, 0.1569, -106.742, -0.299999, -35.8812)

[node name="BookShelf" type="Node3D" parent="."]

[node name="Wall18" type="CSGBox3D" parent="BookShelf"]
transform = Transform3D(9.55343e-15, -2.40413e-07, 5, -5, -2.40413e-07, 0, 2.18557e-07, -5.5, -2.18557e-07, -67.06, 4, -56.625)
material_override = ExtResource("1_8w7nf")
use_collision = true
size = Vector3(1.2, 2.2, 0.05)
material = ExtResource("2_3lr6t")

[node name="Node3D15" parent="BookShelf" instance=ExtResource("3_4cu0p")]
transform = Transform3D(0.5, 0, 0, 0, 0.5, 0, 0, 0, 0.5, -57.95, 2.7, -61.25)

[node name="Node3D16" parent="BookShelf" instance=ExtResource("11_b067r")]
transform = Transform3D(0.5, 0, 0, 0, 0.5, 0, 0, 0, 0.5, -57.8, 2.2, -67.4)

[node name="Node3D17" parent="BookShelf" instance=ExtResource("3_4cu0p")]
transform = Transform3D(0.5, 0, 0, 0, 0.5, 0, 0, 0, 0.5, -57.8, 2.4, -71.4)

[node name="Node3D18" parent="BookShelf" instance=ExtResource("3_4cu0p")]
transform = Transform3D(0.5, 0, 0, 0, 0.5, 0, 0, 0, 0.5, -57.95, 2.7, -81.4)

[node name="Node3D19" parent="BookShelf" instance=ExtResource("3_4cu0p")]
transform = Transform3D(0.5, 0, 0, 0, 0.5, 0, 0, 0, 0.5, -57.8, 2.4, -85.9)

[node name="Node3D20" parent="BookShelf" instance=ExtResource("3_4cu0p")]
transform = Transform3D(0.5, 0, 0, 0, 0.5, 0, 0, 0, 0.5, -57.95, 2.7, -90.85)

[node name="Node3D21" parent="BookShelf" instance=ExtResource("3_4cu0p")]
transform = Transform3D(0.5, 0, 0, 0, 0.5, 0, 0, 0, 0.5, -57.8, 2.4, -95.35)

[node name="Node3D22" parent="BookShelf" instance=ExtResource("3_4cu0p")]
transform = Transform3D(0.5, 0, 0, 0, 0.5, 0, 0, 0, 0.5, -67.45, 2.7, -61.25)

[node name="Node3D25" parent="BookShelf" instance=ExtResource("3_4cu0p")]
transform = Transform3D(0.5, 0, 0, 0, 0.5, 0, 0, 0, 0.5, -67.45, 2.7, -81.4)

[node name="Node3D26" parent="BookShelf" instance=ExtResource("3_4cu0p")]
transform = Transform3D(0.5, 0, 0, 0, 0.5, 0, 0, 0, 0.5, -67.3, 2.4, -85.9)

[node name="Node3D27" parent="BookShelf" instance=ExtResource("3_4cu0p")]
transform = Transform3D(0.5, 0, 0, 0, 0.5, 0, 0, 0, 0.5, -67.45, 2.7, -90.85)

[node name="Node3D28" parent="BookShelf" instance=ExtResource("3_4cu0p")]
transform = Transform3D(0.5, 0, 0, 0, 0.5, 0, 0, 0, 0.5, -67.3, 2.4, -95.35)

[node name="Node3D29" parent="BookShelf" instance=ExtResource("3_4cu0p")]
transform = Transform3D(-0.5, 0, -4.37114e-08, 0, 0.5, 0, 4.37114e-08, 0, -0.5, -66.6667, 2.7, -91.0722)

[node name="Node3D30" parent="BookShelf" instance=ExtResource("11_b067r")]
transform = Transform3D(-0.5, 0, -4.37114e-08, 0, 0.5, 0, 4.37114e-08, 0, -0.5, -66.8167, 2.2, -84.9222)

[node name="Node3D31" parent="BookShelf" instance=ExtResource("3_4cu0p")]
transform = Transform3D(-0.5, 0, -4.37114e-08, 0, 0.5, 0, 4.37114e-08, 0, -0.5, -66.8167, 2.4, -80.9222)

[node name="Node3D35" parent="BookShelf" instance=ExtResource("3_4cu0p")]
transform = Transform3D(-0.5, 0, -4.37114e-08, 0, 0.5, 0, 4.37114e-08, 0, -0.5, -66.8167, 2.4, -56.9722)

[node name="Node3D36" parent="BookShelf" instance=ExtResource("3_4cu0p")]
transform = Transform3D(0.5, 0, 0, 0, 0.5, 0, 0, 0, 0.5, -77.7, 2.7, -61.25)

[node name="Node3D37" parent="BookShelf" instance=ExtResource("11_b067r")]
transform = Transform3D(0.5, 0, 0, 0, 0.5, 0, 0, 0, 0.5, -77.55, 2.2, -67.4)

[node name="Node3D38" parent="BookShelf" instance=ExtResource("3_4cu0p")]
transform = Transform3D(0.5, 0, 0, 0, 0.5, 0, 0, 0, 0.5, -77.55, 2.4, -71.4)

[node name="Node3D39" parent="BookShelf" instance=ExtResource("3_4cu0p")]
transform = Transform3D(0.5, 0, 0, 0, 0.5, 0, 0, 0, 0.5, -77.7, 2.7, -81.4)

[node name="Node3D40" parent="BookShelf" instance=ExtResource("3_4cu0p")]
transform = Transform3D(0.5, 0, 0, 0, 0.5, 0, 0, 0, 0.5, -77.55, 2.4, -85.9)

[node name="Node3D41" parent="BookShelf" instance=ExtResource("3_4cu0p")]
transform = Transform3D(0.5, 0, 0, 0, 0.5, 0, 0, 0, 0.5, -77.7, 2.7, -90.85)

[node name="Node3D42" parent="BookShelf" instance=ExtResource("3_4cu0p")]
transform = Transform3D(0.5, 0, 0, 0, 0.5, 0, 0, 0, 0.5, -77.55, 2.4, -95.35)

[node name="Node3D43" parent="BookShelf" instance=ExtResource("3_4cu0p")]
transform = Transform3D(-0.5, 0, -4.37114e-08, 0, 0.5, 0, 4.37114e-08, 0, -0.5, -76.9167, 2.7, -91.0722)

[node name="Node3D44" parent="BookShelf" instance=ExtResource("11_b067r")]
transform = Transform3D(-0.5, 0, -4.37114e-08, 0, 0.5, 0, 4.37114e-08, 0, -0.5, -77.0667, 2.2, -84.9222)

[node name="Node3D45" parent="BookShelf" instance=ExtResource("3_4cu0p")]
transform = Transform3D(-0.5, 0, -4.37114e-08, 0, 0.5, 0, 4.37114e-08, 0, -0.5, -77.0667, 2.4, -80.9222)

[node name="Node3D53" parent="BookShelf" instance=ExtResource("3_4cu0p")]
transform = Transform3D(-0.5, 0, -4.37114e-08, 0, 0.5, 0, 4.37114e-08, 0, -0.5, -106.317, 2.7, -91.0722)

[node name="Node3D54" parent="BookShelf" instance=ExtResource("11_b067r")]
transform = Transform3D(-0.5, 0, -4.37114e-08, 0, 0.5, 0, 4.37114e-08, 0, -0.5, -106.467, 2.2, -84.9222)

[node name="Node3D58" parent="BookShelf" instance=ExtResource("3_4cu0p")]
transform = Transform3D(-0.5, 0, -4.37114e-08, 0, 0.5, 0, 4.37114e-08, 0, -0.5, -106.467, 2.4, -80.9222)

[node name="Node3D46" parent="BookShelf" instance=ExtResource("3_4cu0p")]
transform = Transform3D(-0.5, 0, -4.37114e-08, 0, 0.5, 0, 4.37114e-08, 0, -0.5, -76.9167, 2.7, -70.9222)

[node name="Node3D47" parent="BookShelf" instance=ExtResource("3_4cu0p")]
transform = Transform3D(-0.5, 0, -4.37114e-08, 0, 0.5, 0, 4.37114e-08, 0, -0.5, -77.0667, 2.4, -66.4222)

[node name="Node3D48" parent="BookShelf" instance=ExtResource("3_4cu0p")]
transform = Transform3D(-0.5, 0, -4.37114e-08, 0, 0.5, 0, 4.37114e-08, 0, -0.5, -76.9167, 2.7, -61.4722)

[node name="Node3D49" parent="BookShelf" instance=ExtResource("3_4cu0p")]
transform = Transform3D(-0.5, 0, -4.37114e-08, 0, 0.5, 0, 4.37114e-08, 0, -0.5, -77.0667, 2.4, -56.9722)

[node name="Node3D50" parent="BookShelf" instance=ExtResource("3_4cu0p")]
transform = Transform3D(0.5, 0, 0, 0, 0.5, 0, 0, 0, 0.5, -88.5, 2.7, -61.25)

[node name="Node3D51" parent="BookShelf" instance=ExtResource("11_b067r")]
transform = Transform3D(0.5, 0, 0, 0, 0.5, 0, 0, 0, 0.5, -88.35, 2.2, -67.4)

[node name="Node3D52" parent="BookShelf" instance=ExtResource("3_4cu0p")]
transform = Transform3D(0.5, 0, 0, 0, 0.5, 0, 0, 0, 0.5, -88.35, 2.4, -71.4)

[node name="Node3D55" parent="BookShelf" instance=ExtResource("3_4cu0p")]
transform = Transform3D(0.5, 0, 0, 0, 0.5, 0, 0, 0, 0.5, -88.5, 2.7, -90.85)

[node name="Node3D56" parent="BookShelf" instance=ExtResource("3_4cu0p")]
transform = Transform3D(0.5, 0, 0, 0, 0.5, 0, 0, 0, 0.5, -88.35, 2.4, -95.35)

[node name="Node3D57" parent="BookShelf" instance=ExtResource("3_4cu0p")]
transform = Transform3D(-0.5, 0, -4.37114e-08, 0, 0.5, 0, 4.37114e-08, 0, -0.5, -87.7167, 2.7, -91.0722)

[node name="Node3D60" parent="BookShelf" instance=ExtResource("3_4cu0p")]
transform = Transform3D(-0.5, 0, -4.37114e-08, 0, 0.5, 0, 4.37114e-08, 0, -0.5, -87.7167, 2.7, -70.9222)

[node name="Node3D61" parent="BookShelf" instance=ExtResource("3_4cu0p")]
transform = Transform3D(-0.5, 0, -4.37114e-08, 0, 0.5, 0, 4.37114e-08, 0, -0.5, -87.8667, 2.4, -66.4222)

[node name="Node3D62" parent="BookShelf" instance=ExtResource("3_4cu0p")]
transform = Transform3D(-0.5, 0, -4.37114e-08, 0, 0.5, 0, 4.37114e-08, 0, -0.5, -87.7167, 2.7, -61.4722)

[node name="Node3D63" parent="BookShelf" instance=ExtResource("3_4cu0p")]
transform = Transform3D(-0.5, 0, -4.37114e-08, 0, 0.5, 0, 4.37114e-08, 0, -0.5, -87.8667, 2.4, -56.9722)

[node name="Node3D64" parent="BookShelf" instance=ExtResource("3_4cu0p")]
transform = Transform3D(0.5, 0, 0, 0, 0.5, 0, 0, 0, 0.5, -98.15, 2.7, -61.25)

[node name="Node3D67" parent="BookShelf" instance=ExtResource("3_4cu0p")]
transform = Transform3D(0.5, 0, 0, 0, 0.5, 0, 0, 0, 0.5, -98.3, 2.7, -81.4)

[node name="Node3D68" parent="BookShelf" instance=ExtResource("3_4cu0p")]
transform = Transform3D(0.5, 0, 0, 0, 0.5, 0, 0, 0, 0.5, -98.15, 2.4, -85.9)

[node name="Node3D69" parent="BookShelf" instance=ExtResource("3_4cu0p")]
transform = Transform3D(0.5, 0, 0, 0, 0.5, 0, 0, 0, 0.5, -98.25, 2.7, -90.85)

[node name="Node3D70" parent="BookShelf" instance=ExtResource("3_4cu0p")]
transform = Transform3D(0.5, 0, 0, 0, 0.5, 0, 0, 0, 0.5, -98.15, 2.4, -95.35)

[node name="Node3D71" parent="BookShelf" instance=ExtResource("3_4cu0p")]
transform = Transform3D(-0.5, 0, -4.37114e-08, 0, 0.5, 0, 4.37114e-08, 0, -0.5, -97.5167, 2.7, -91.0722)

[node name="Node3D72" parent="BookShelf" instance=ExtResource("11_b067r")]
transform = Transform3D(-0.5, 0, -4.37114e-08, 0, 0.5, 0, 4.37114e-08, 0, -0.5, -97.6667, 2.2, -84.9222)

[node name="Node3D73" parent="BookShelf" instance=ExtResource("3_4cu0p")]
transform = Transform3D(-0.5, 0, -4.37114e-08, 0, 0.5, 0, 4.37114e-08, 0, -0.5, -97.6667, 2.4, -80.9222)

[node name="Node3D74" parent="BookShelf" instance=ExtResource("3_4cu0p")]
transform = Transform3D(-0.5, 0, -4.37114e-08, 0, 0.5, 0, 4.37114e-08, 0, -0.5, -97.5167, 2.7, -70.9222)

[node name="Node3D77" parent="BookShelf" instance=ExtResource("3_4cu0p")]
transform = Transform3D(-0.5, 0, -4.37114e-08, 0, 0.5, 0, 4.37114e-08, 0, -0.5, -97.5167, 2.4, -56.9722)

[node name="Node3D377" parent="BookShelf" instance=ExtResource("6_yv5yk")]
transform = Transform3D(-0.5, 0, -7.54979e-08, 0, 0.5, 0, 7.54979e-08, 0, -0.5, -101.055, 0.55, -56.645)

[node name="Node3D378" parent="BookShelf" instance=ExtResource("6_yv5yk")]
transform = Transform3D(0.5, 0, 1.19209e-07, 0, 0.5, 0, -1.19209e-07, 0, 0.5, -101.505, 0.55, -59.105)

[node name="Node3D379" parent="BookShelf" instance=ExtResource("6_yv5yk")]
transform = Transform3D(-0.5, 0, -7.54979e-08, 0, 0.5, 0, 7.54979e-08, 0, -0.5, -101.055, 0.55, -51.545)

[node name="Node3D380" parent="BookShelf" instance=ExtResource("7_568jr")]
transform = Transform3D(0.5, 0, 1.19209e-07, 0, 0.5, 0, -1.19209e-07, 0, 0.5, -101.505, 0.55, -54.005)

[node name="Node3D381" parent="BookShelf" instance=ExtResource("7_568jr")]
transform = Transform3D(-0.5, 0, -7.54979e-08, 0, 0.5, 0, 7.54979e-08, 0, -0.5, -101.055, 0.55, -54.095)

[node name="Node3D382" parent="BookShelf" instance=ExtResource("7_568jr")]
transform = Transform3D(0.5, 0, 1.19209e-07, 0, 0.5, 0, -1.19209e-07, 0, 0.5, -101.505, 0.55, -61.655)

[node name="Node3D383" parent="BookShelf" instance=ExtResource("7_568jr")]
transform = Transform3D(-0.5, 0, -7.54979e-08, 0, 0.5, 0, 7.54979e-08, 0, -0.5, -101.055, 0.55, -59.195)

[node name="Node3D384" parent="BookShelf" instance=ExtResource("8_1njey")]
transform = Transform3D(0.5, 0, 1.19209e-07, 0, 0.5, 0, -1.19209e-07, 0, 0.5, -101.505, 0.55, -56.555)

[node name="Node3D385" parent="BookShelf" instance=ExtResource("5_hl846")]
transform = Transform3D(-0.5, 0, -7.54979e-08, 0, 0.5, 0, 7.54979e-08, 0, -0.5, -103.655, 0.550002, -54.095)

[node name="Node3D386" parent="BookShelf" instance=ExtResource("6_yv5yk")]
transform = Transform3D(-0.5, 0, -7.54979e-08, 0, 0.5, 0, 7.54979e-08, 0, -0.5, -103.655, 0.55, -56.645)

[node name="Node3D387" parent="BookShelf" instance=ExtResource("7_568jr")]
transform = Transform3D(-0.5, 0, -7.54979e-08, 0, 0.5, 0, 7.54979e-08, 0, -0.5, -103.655, 0.55, -51.545)

[node name="Node3D388" parent="BookShelf" instance=ExtResource("8_1njey")]
transform = Transform3D(-0.5, 0, -7.54979e-08, 0, 0.5, 0, 7.54979e-08, 0, -0.5, -103.655, 0.55, -59.195)

[node name="Node3D389" parent="BookShelf" instance=ExtResource("5_hl846")]
transform = Transform3D(0.5, 0, 1.19209e-07, 0, 0.5, 0, -1.19209e-07, 0, 0.5, -104.105, 0.550002, -59.105)

[node name="Node3D390" parent="BookShelf" instance=ExtResource("6_yv5yk")]
transform = Transform3D(0.5, 0, 1.19209e-07, 0, 0.5, 0, -1.19209e-07, 0, 0.5, -104.105, 0.55, -56.555)

[node name="Node3D391" parent="BookShelf" instance=ExtResource("7_568jr")]
transform = Transform3D(0.5, 0, 1.19209e-07, 0, 0.5, 0, -1.19209e-07, 0, 0.5, -104.105, 0.55, -61.655)

[node name="Node3D392" parent="BookShelf" instance=ExtResource("8_1njey")]
transform = Transform3D(0.5, 0, 1.19209e-07, 0, 0.5, 0, -1.19209e-07, 0, 0.5, -104.105, 0.55, -54.005)

[node name="Node3D153" parent="BookShelf" instance=ExtResource("5_hl846")]
transform = Transform3D(-0.5, 0, -7.54979e-08, 0, 0.5, 0, 7.54979e-08, 0, -0.5, -63.305, 0.550002, -78.795)

[node name="Node3D154" parent="BookShelf" instance=ExtResource("6_yv5yk")]
transform = Transform3D(-0.5, 0, -7.54979e-08, 0, 0.5, 0, 7.54979e-08, 0, -0.5, -63.305, 0.55, -81.345)

[node name="Node3D155" parent="BookShelf" instance=ExtResource("7_568jr")]
transform = Transform3D(-0.5, 0, -7.54979e-08, 0, 0.5, 0, 7.54979e-08, 0, -0.5, -63.305, 0.55, -76.245)

[node name="Node3D156" parent="BookShelf" instance=ExtResource("8_1njey")]
transform = Transform3D(-0.5, 0, -7.54979e-08, 0, 0.5, 0, 7.54979e-08, 0, -0.5, -63.305, 0.55, -83.895)

[node name="Node3D157" parent="BookShelf" instance=ExtResource("5_hl846")]
transform = Transform3D(0.5, 0, 1.19209e-07, 0, 0.5, 0, -1.19209e-07, 0, 0.5, -63.755, 0.550002, -83.805)

[node name="Node3D158" parent="BookShelf" instance=ExtResource("6_yv5yk")]
transform = Transform3D(0.5, 0, 1.19209e-07, 0, 0.5, 0, -1.19209e-07, 0, 0.5, -63.755, 0.55, -81.255)

[node name="Node3D159" parent="BookShelf" instance=ExtResource("6_yv5yk")]
transform = Transform3D(0.5, 0, 1.19209e-07, 0, 0.5, 0, -1.19209e-07, 0, 0.5, -63.755, 0.55, -68.905)

[node name="Node3D160" parent="BookShelf" instance=ExtResource("6_yv5yk")]
transform = Transform3D(-0.5, 0, -1.62921e-07, 0, 0.5, 0, 1.62921e-07, 0, -0.5, -63.305, 0.55, -66.445)

[node name="Node3D161" parent="BookShelf" instance=ExtResource("7_568jr")]
transform = Transform3D(0.5, 0, 1.19209e-07, 0, 0.5, 0, -1.19209e-07, 0, 0.5, -63.755, 0.55, -86.355)

[node name="Node3D162" parent="BookShelf" instance=ExtResource("6_yv5yk")]
transform = Transform3D(0.5, 0, 1.19209e-07, 0, 0.5, 0, -1.19209e-07, 0, 0.5, -63.755, 0.55, -74.005)

[node name="Node3D163" parent="BookShelf" instance=ExtResource("7_568jr")]
transform = Transform3D(-0.5, 0, -1.62921e-07, 0, 0.5, 0, 1.62921e-07, 0, -0.5, -63.305, 0.55, -71.545)

[node name="Node3D164" parent="BookShelf" instance=ExtResource("8_1njey")]
transform = Transform3D(0.5, 0, 1.19209e-07, 0, 0.5, 0, -1.19209e-07, 0, 0.5, -63.755, 0.55, -78.705)

[node name="Node3D165" parent="BookShelf" instance=ExtResource("7_568jr")]
transform = Transform3D(0.5, 0, 1.19209e-07, 0, 0.5, 0, -1.19209e-07, 0, 0.5, -63.755, 0.55, -71.455)

[node name="Node3D166" parent="BookShelf" instance=ExtResource("7_568jr")]
transform = Transform3D(-0.5, 0, -1.62921e-07, 0, 0.5, 0, 1.62921e-07, 0, -0.5, -63.305, 0.55, -63.895)

[node name="Node3D167" parent="BookShelf" instance=ExtResource("7_568jr")]
transform = Transform3D(0.5, 0, 1.19209e-07, 0, 0.5, 0, -1.19209e-07, 0, 0.5, -63.755, 0.55, -66.355)

[node name="Node3D168" parent="BookShelf" instance=ExtResource("8_1njey")]
transform = Transform3D(-0.5, 0, -1.62921e-07, 0, 0.5, 0, 1.62921e-07, 0, -0.5, -63.305, 0.55, -68.995)

[node name="Node3D185" parent="BookShelf" instance=ExtResource("6_yv5yk")]
transform = Transform3D(0.5, 0, 1.19209e-07, 0, 0.5, 0, -1.19209e-07, 0, 0.5, -60.705, 0.55, -81.305)

[node name="Node3D186" parent="BookShelf" instance=ExtResource("6_yv5yk")]
transform = Transform3D(-0.5, 0, -1.62921e-07, 0, 0.5, 0, 1.62921e-07, 0, -0.5, -60.255, 0.55, -78.845)

[node name="Node3D187" parent="BookShelf" instance=ExtResource("6_yv5yk")]
transform = Transform3D(0.5, 0, 1.19209e-07, 0, 0.5, 0, -1.19209e-07, 0, 0.5, -60.705, 0.55, -86.405)

[node name="Node3D188" parent="BookShelf" instance=ExtResource("7_568jr")]
transform = Transform3D(-0.5, 0, -1.62921e-07, 0, 0.5, 0, 1.62921e-07, 0, -0.5, -60.255, 0.55, -83.945)

[node name="Node3D189" parent="BookShelf" instance=ExtResource("7_568jr")]
transform = Transform3D(0.5, 0, 1.19209e-07, 0, 0.5, 0, -1.19209e-07, 0, 0.5, -60.705, 0.55, -83.855)

[node name="Node3D190" parent="BookShelf" instance=ExtResource("7_568jr")]
transform = Transform3D(-0.5, 0, -1.62921e-07, 0, 0.5, 0, 1.62921e-07, 0, -0.5, -60.255, 0.55, -76.295)

[node name="Node3D191" parent="BookShelf" instance=ExtResource("7_568jr")]
transform = Transform3D(0.5, 0, 1.19209e-07, 0, 0.5, 0, -1.19209e-07, 0, 0.5, -60.705, 0.55, -78.755)

[node name="Node3D192" parent="BookShelf" instance=ExtResource("8_1njey")]
transform = Transform3D(-0.5, 0, -1.62921e-07, 0, 0.5, 0, 1.62921e-07, 0, -0.5, -60.255, 0.55, -81.395)

[node name="Node3D97" parent="BookShelf" instance=ExtResource("5_hl846")]
transform = Transform3D(-0.5, 0, -7.54979e-08, 0, 0.5, 0, 7.54979e-08, 0, -0.5, -73.5862, 0.550002, -66.3388)

[node name="Node3D98" parent="BookShelf" instance=ExtResource("6_yv5yk")]
transform = Transform3D(-0.5, 0, -7.54979e-08, 0, 0.5, 0, 7.54979e-08, 0, -0.5, -73.5862, 0.55, -68.8887)

[node name="Node3D99" parent="BookShelf" instance=ExtResource("7_568jr")]
transform = Transform3D(-0.5, 0, -7.54979e-08, 0, 0.5, 0, 7.54979e-08, 0, -0.5, -73.5862, 0.55, -63.7887)

[node name="Node3D100" parent="BookShelf" instance=ExtResource("8_1njey")]
transform = Transform3D(-0.5, 0, -7.54979e-08, 0, 0.5, 0, 7.54979e-08, 0, -0.5, -73.5862, 0.55, -71.4387)

[node name="Node3D101" parent="BookShelf" instance=ExtResource("5_hl846")]
transform = Transform3D(0.5, 0, 1.19209e-07, 0, 0.5, 0, -1.19209e-07, 0, 0.5, -74.0362, 0.550002, -71.3487)

[node name="Node3D102" parent="BookShelf" instance=ExtResource("6_yv5yk")]
transform = Transform3D(0.5, 0, 1.19209e-07, 0, 0.5, 0, -1.19209e-07, 0, 0.5, -74.0362, 0.55, -68.7988)

[node name="Node3D103" parent="BookShelf" instance=ExtResource("6_yv5yk")]
transform = Transform3D(-0.5, 0, -7.54979e-08, 0, 0.5, 0, 7.54979e-08, 0, -0.5, -70.5362, 0.55, -68.8887)

[node name="Node3D104" parent="BookShelf" instance=ExtResource("6_yv5yk")]
transform = Transform3D(0.5, 0, 1.19209e-07, 0, 0.5, 0, -1.19209e-07, 0, 0.5, -70.9862, 0.55, -71.3487)

[node name="Node3D105" parent="BookShelf" instance=ExtResource("7_568jr")]
transform = Transform3D(0.5, 0, 1.19209e-07, 0, 0.5, 0, -1.19209e-07, 0, 0.5, -74.0362, 0.55, -73.8987)

[node name="Node3D106" parent="BookShelf" instance=ExtResource("6_yv5yk")]
transform = Transform3D(-0.5, 0, -7.54979e-08, 0, 0.5, 0, 7.54979e-08, 0, -0.5, -70.5362, 0.55, -63.7887)

[node name="Node3D107" parent="BookShelf" instance=ExtResource("7_568jr")]
transform = Transform3D(0.5, 0, 1.19209e-07, 0, 0.5, 0, -1.19209e-07, 0, 0.5, -70.9862, 0.55, -66.2487)

[node name="Node3D108" parent="BookShelf" instance=ExtResource("8_1njey")]
transform = Transform3D(0.5, 0, 1.19209e-07, 0, 0.5, 0, -1.19209e-07, 0, 0.5, -74.0362, 0.55, -66.2487)

[node name="Node3D109" parent="BookShelf" instance=ExtResource("7_568jr")]
transform = Transform3D(-0.5, 0, -7.54979e-08, 0, 0.5, 0, 7.54979e-08, 0, -0.5, -70.5362, 0.55, -66.3388)

[node name="Node3D110" parent="BookShelf" instance=ExtResource("7_568jr")]
transform = Transform3D(0.5, 0, 1.19209e-07, 0, 0.5, 0, -1.19209e-07, 0, 0.5, -70.9862, 0.55, -73.8987)

[node name="Node3D111" parent="BookShelf" instance=ExtResource("7_568jr")]
transform = Transform3D(-0.5, 0, -7.54979e-08, 0, 0.5, 0, 7.54979e-08, 0, -0.5, -70.5362, 0.55, -71.4387)

[node name="Node3D112" parent="BookShelf" instance=ExtResource("8_1njey")]
transform = Transform3D(0.5, 0, 1.19209e-07, 0, 0.5, 0, -1.19209e-07, 0, 0.5, -70.9862, 0.55, -68.7988)

[node name="Node3D113" parent="BookShelf" instance=ExtResource("5_hl846")]
transform = Transform3D(-0.5, 0, -7.54979e-08, 0, 0.5, 0, 7.54979e-08, 0, -0.5, -70.5362, 0.550002, -53.9887)

[node name="Node3D114" parent="BookShelf" instance=ExtResource("6_yv5yk")]
transform = Transform3D(-0.5, 0, -7.54979e-08, 0, 0.5, 0, 7.54979e-08, 0, -0.5, -70.5362, 0.55, -56.5387)

[node name="Node3D115" parent="BookShelf" instance=ExtResource("7_568jr")]
