[gd_scene load_steps=61 format=3 uid="uid://c5wm5n33y4obf"]

[ext_resource type="Material" uid="uid://bd7n8bcjg2voj" path="res://Assets/stone-house-siding-bl/Stone Brick.tres" id="1_3rmc1"]
[ext_resource type="Material" uid="uid://dxeqs36gf571k" path="res://Assets/small-rocks/Stone Texture.tres" id="2_cfjtt"]
[ext_resource type="Material" uid="uid://dhchjf8sql6b5" path="res://Assets/gray-stone-bricks-tile-texture/textures/GrayStone Bricks.tres" id="3_da8ku"]
[ext_resource type="PackedScene" uid="uid://bu1tm4isd86n3" path="res://Assets/rubble-pile-game-ready-2k-pbr/Rock Pile.tscn" id="5_3dmlf"]
[ext_resource type="PackedScene" uid="uid://bsu657r1gpfat" path="res://Assets/Rooms/Doorway.tscn" id="5_dos6k"]
[ext_resource type="PackedScene" uid="uid://d3vogpkiuyhw3" path="res://Assets/Rooms/Corridor Doorway.tscn" id="6_6oeod"]
[ext_resource type="PackedScene" uid="uid://c0kbyi1q8q3vo" path="res://Assets/small-rocks/Rock Piles.tscn" id="7_5ci71"]
[ext_resource type="PackedScene" uid="uid://bko8pqe55a7it" path="res://Assets/small-rocks/Rock Piles (Rocks Only).tscn" id="7_ubnmu"]
[ext_resource type="PackedScene" uid="uid://p7s4wty5vaxw" path="res://Assets/Rooms/Small Room.tscn" id="9_w3j7p"]
[ext_resource type="PackedScene" uid="uid://bysrmdi6apv44" path="res://Assets/Medieval props/Prefabs/BenchV1.prefab.scn" id="10_sdt24"]
[ext_resource type="PackedScene" uid="uid://gw43mpgc38j0" path="res://Assets/Medieval props/Prefabs/TableV1.prefab.scn" id="11_xy3k1"]
[ext_resource type="PackedScene" uid="uid://c1ig24ngahthv" path="res://Assets/JulienNoelAssets/Medfan_BarrelsAndBoxes/Boxes Without HitBox/Boxes.tscn" id="13_qqsa5"]
[ext_resource type="PackedScene" uid="uid://bbjr1gha6gcxp" path="res://Assets/Medieval props/Prefabs/Shelf.tscn" id="13_u4wr0"]
[ext_resource type="PackedScene" uid="uid://2gunmjimq5gv" path="res://Assets/JulienNoelAssets/Medfan_BarrelsAndBoxes/Boxes Without HitBox/Boxes 2.tscn" id="14_bsed3"]
[ext_resource type="PackedScene" uid="uid://cjbd07hf764n2" path="res://Assets/JulienNoelAssets/Medfan_BarrelsAndBoxes/Boxes Without HitBox/Big Boxes 3.tscn" id="14_ksqxf"]
[ext_resource type="PackedScene" uid="uid://b5tqqpndc6sso" path="res://Assets/JulienNoelAssets/Medfan_BarrelsAndBoxes/Boxes Without HitBox/Boxes 3.tscn" id="17_cfuh6"]
[ext_resource type="PackedScene" uid="uid://0qu13dtmarre" path="res://Assets/JulienNoelAssets/Medfan_BarrelsAndBoxes/Boxes Without HitBox/Boxes 4.tscn" id="18_041dm"]
[ext_resource type="PackedScene" uid="uid://b80nxfn36dmps" path="res://Assets/JulienNoelAssets/Medfan_BarrelsAndBoxes/Boxes With HitBox/HB Big Boxes 2.tscn" id="20_qs1uh"]
[ext_resource type="PackedScene" uid="uid://d2bl2yvt85uii" path="res://Assets/JulienNoelAssets/Medfan_BarrelsAndBoxes/Boxes With HitBox/HB Boxes 3.tscn" id="21_ijouv"]
[ext_resource type="PackedScene" uid="uid://fhdv7fmracnw" path="res://Assets/JulienNoelAssets/Medfan_BarrelsAndBoxes/Boxes With HitBox/HB Boxes 4.tscn" id="22_0yvqf"]
[ext_resource type="PackedScene" uid="uid://cy0punx2ts6uq" path="res://Assets/JulienNoelAssets/Medfan_BarrelsAndBoxes/Boxes With HitBox/HB Boxes 5.tscn" id="23_qqnx2"]
[ext_resource type="PackedScene" uid="uid://dr88umk6l0b0a" path="res://Assets/small-rocks/Pebbles.tscn" id="23_undbp"]
[ext_resource type="PackedScene" uid="uid://cpfshc6gt8u52" path="res://Assets/small-rocks/Rock Piles 2(with Boxes).tscn" id="24_3j5re"]
[ext_resource type="PackedScene" uid="uid://b8f1y5676owtg" path="res://Assets/JulienNoelAssets/Medfan_BarrelsAndBoxes/Boxes With HitBox/HB Boxes.tscn" id="24_mf56g"]
[ext_resource type="PackedScene" uid="uid://s67n6te4sktp" path="res://Assets/JulienNoelAssets/Medfan_BarrelsAndBoxes/Boxes With HitBox/HB Boxes 2.tscn" id="25_f7y6y"]
[ext_resource type="PackedScene" uid="uid://dxm0nacurayv6" path="res://Assets/small-rocks/Rock Piles (with Boxes).tscn" id="25_q2gj5"]
[ext_resource type="PackedScene" uid="uid://du7gcqjdcd4al" path="res://Assets/JulienNoelAssets/Medfan_BarrelsAndBoxes/Boxes With HitBox/HB Big Boxes.tscn" id="26_rnind"]
[ext_resource type="PackedScene" uid="uid://dig3ffn2o1okr" path="res://Assets/small-rocks/Rock Piles 3(with Boxes).tscn" id="26_v1nc5"]
[ext_resource type="PackedScene" uid="uid://div3q4vjm7qca" path="res://Assets/JulienNoelAssets/Medfan_BarrelsAndBoxes/Boxes With HitBox/HB Big Boxes 5.tscn" id="27_6chbw"]
[ext_resource type="PackedScene" uid="uid://raytuj5ky3ac" path="res://Assets/JulienNoelAssets/Medfan_BarrelsAndBoxes/Boxes With HitBox/HB Big Boxes 4.tscn" id="27_kfl5k"]
[ext_resource type="PackedScene" uid="uid://b8nk7qbbmq5xt" path="res://Assets/JulienNoelAssets/Medfan_BarrelsAndBoxes/Boxes With HitBox/HB Big Boxes 3.tscn" id="28_kfmlh"]
[ext_resource type="PackedScene" uid="uid://cq2asp8gch6jg" path="res://Assets/small-rocks/Rock Piles 2(Rocks Only).tscn" id="32_760vd"]
[ext_resource type="PackedScene" uid="uid://bg0bdd1tuv54i" path="res://Assets/Medieval props/Prefabs/CandleV3.prefab.scn" id="60_bxywq"]
[ext_resource type="PackedScene" uid="uid://cbpvsvbh6anyt" path="res://Assets/Medieval props/Prefabs/Candles Shelf.tscn" id="61_l7qy2"]
[ext_resource type="PackedScene" uid="uid://dac48ja20wpnv" path="res://Scene/player.tscn" id="64_eucgo"]
[ext_resource type="PackedScene" uid="uid://dbyfv11i8nvua" path="res://Assets/propsv2/scroll2_interactable.scn" id="65_oqvrj"]
[ext_resource type="PackedScene" uid="uid://ctdwisl60n48l" path="res://Assets/Medieval props/Prefabs/Unlit Candle Shelf.tscn" id="65_ugo6n"]
[ext_resource type="PackedScene" uid="uid://vk2pij6e0go1" path="res://Assets/Unknown Creature New/test.tscn" id="66_1i5tg"]

[sub_resource type="BoxShape3D" id="BoxShape3D_rd0c2"]
size = Vector3(12.5, 5, 10.5)

[sub_resource type="BoxShape3D" id="BoxShape3D_dw8io"]
size = Vector3(13, 8, 17)

[sub_resource type="BoxShape3D" id="BoxShape3D_63mny"]
size = Vector3(6.5, 5, 9.05)

[sub_resource type="BoxShape3D" id="BoxShape3D_7x5mp"]
size = Vector3(6.49585, 5, 4.85)

[sub_resource type="BoxShape3D" id="BoxShape3D_lr0j5"]
size = Vector3(5.5, 5, 4.85)

[sub_resource type="BoxShape3D" id="BoxShape3D_l2kby"]
size = Vector3(3.16681, 5, 1.25901)

[sub_resource type="BoxShape3D" id="BoxShape3D_0cg3a"]
size = Vector3(6.15, 3.5, 3.5)

[sub_resource type="BoxShape3D" id="BoxShape3D_p8m0u"]
size = Vector3(2.1, 1, 1)

[sub_resource type="BoxShape3D" id="BoxShape3D_xk7rb"]
size = Vector3(15, 5.5, 17.5)

[sub_resource type="BoxShape3D" id="BoxShape3D_hejqc"]
size = Vector3(13.5, 6, 23)

[sub_resource type="BoxShape3D" id="BoxShape3D_1f5ax"]
size = Vector3(7.5, 5.5, 4)

[sub_resource type="StandardMaterial3D" id="StandardMaterial3D_ldqar"]
albedo_color = Color(0, 0, 0, 1)

[sub_resource type="Environment" id="Environment_gse3a"]
background_mode = 1
background_color = Color(0.76662, 0.76662, 0.76662, 1)
tonemap_white = 11.65
adjustment_enabled = true

[sub_resource type="NavigationMesh" id="NavigationMesh_cftwh"]
vertices = PackedVector3Array(167.77, 0.5, -8.91297, 167.77, 0.5, 90.337, 249.77, 0.5, 90.337, 249.77, 0.5, -8.91297)
polygons = [PackedInt32Array(3, 2, 0), PackedInt32Array(0, 2, 1)]
agent_height = 2.55
agent_radius = 0.3
agent_max_slope = 10.0

[sub_resource type="BoxShape3D" id="BoxShape3D_pv00c"]
size = Vector3(7.5, 5.5, 11.2)

[sub_resource type="BoxShape3D" id="BoxShape3D_qnk6q"]
size = Vector3(7.5, 5.5, 11.2)

[sub_resource type="BoxShape3D" id="BoxShape3D_tvins"]
size = Vector3(7.5, 5.5, 11.2)

[sub_resource type="BoxShape3D" id="BoxShape3D_rpcas"]
size = Vector3(7.5, 5.5, 26)

[sub_resource type="BoxShape3D" id="BoxShape3D_0ydyx"]
size = Vector3(3.8, 5.5, 4.7)

[sub_resource type="BoxShape3D" id="BoxShape3D_cwivc"]
size = Vector3(7.5, 5.5, 38.45)

[sub_resource type="BoxShape3D" id="BoxShape3D_1dc18"]
size = Vector3(7.5, 5.5, 27.81)

[sub_resource type="BoxShape3D" id="BoxShape3D_hvib5"]
size = Vector3(7.5, 5.5, 27.81)

[node name="World" type="Node3D"]

[node name="Ceiling" type="Node3D" parent="."]
visible = false

[node name="Ceiling" type="CSGBox3D" parent="Ceiling"]
transform = Transform3D(-178.508, 0, 1.38889e-05, 0, 1, 0, -1.56057e-05, 0, -158.87, 42.1518, 5.07227, -52.0977)
material_override = ExtResource("1_3rmc1")
use_collision = true
size = Vector3(0.4, 0.2, 0.578638)
material = ExtResource("2_cfjtt")

[node name="Ceiling3" type="CSGBox3D" parent="Ceiling"]
transform = Transform3D(-126.224, 0, 112.338, 0, 1, 0, -126.224, 0, -112.338, 38.8018, 4.85, 10.9446)
material_override = ExtResource("1_3rmc1")
use_collision = true
size = Vector3(0.1, 1, 0.05)
material = ExtResource("2_cfjtt")

[node name="Ceiling4" type="CSGBox3D" parent="Ceiling"]
transform = Transform3D(-126.224, 0, 112.338, 0, 1, 0, -126.224, 0, -112.338, 55.0018, 4.85, -2.3554)
material_override = ExtResource("1_3rmc1")
use_collision = true
size = Vector3(0.1, 1, 0.05)
material = ExtResource("2_cfjtt")

[node name="Ceiling5" type="CSGBox3D" parent="Ceiling"]
transform = Transform3D(126.224, 0, 112.338, 0, 1, 0, -126.224, 0, 112.338, 39.2518, 4.85, -2.4554)
material_override = ExtResource("1_3rmc1")
use_collision = true
size = Vector3(0.1, 1, 0.05)
material = ExtResource("2_cfjtt")

[node name="Ceiling6" type="CSGBox3D" parent="Ceiling"]
transform = Transform3D(126.224, 0, 112.338, 0, 1, 0, -126.224, 0, 112.338, 53.1518, 4.85, 11.9946)
material_override = ExtResource("1_3rmc1")
use_collision = true
size = Vector3(0.1, 1, 0.05)
material = ExtResource("2_cfjtt")

[node name="Ceiling2" type="CSGBox3D" parent="Ceiling"]
transform = Transform3D(-178.508, 0, 1.38889e-05, 0, 1, 0, -1.56057e-05, 0, -158.87, 101.652, 5.07227, -15.1599)
material_override = ExtResource("1_3rmc1")
size = Vector3(0.4, 0.2, 1.15)
material = ExtResource("2_cfjtt")

[node name="Floor8" type="CSGBox3D" parent="Ceiling"]
transform = Transform3D(-126.224, 0.707107, -3.8147e-06, 7.62939e-06, -4.37114e-08, -158.87, -126.224, -0.707107, -3.8147e-06, 42.3518, 9.25, 9.5946)
material_override = ExtResource("1_3rmc1")
use_collision = true
size = Vector3(0.1, 1, 0.05)
material = ExtResource("2_cfjtt")

[node name="Floor9" type="CSGBox3D" parent="Ceiling"]
transform = Transform3D(-126.224, 0.707107, -3.8147e-06, 7.62939e-06, -4.37114e-08, -158.87, -126.224, -0.707107, -3.8147e-06, 51.9225, 9.25, -0.526115)
material_override = ExtResource("1_3rmc1")
use_collision = true
size = Vector3(0.1, 1, 0.05)
material = ExtResource("2_cfjtt")

[node name="Floor10" type="CSGBox3D" parent="Ceiling"]
transform = Transform3D(126.224, 0.707107, -3.8147e-06, -7.62939e-06, -4.37114e-08, -158.87, -126.224, 0.707107, 3.8147e-06, 43.1518, 9.25, -1.4554)
material_override = ExtResource("1_3rmc1")
use_collision = true
size = Vector3(0.1, 1, 0.05)
material = ExtResource("2_cfjtt")

[node name="Floor11" type="CSGBox3D" parent="Ceiling"]
transform = Transform3D(126.224, 0.707107, -3.8147e-06, -7.62939e-06, -4.37114e-08, -158.87, -126.224, 0.707107, 3.8147e-06, 50.5139, 9.25, 9.75673)
material_override = ExtResource("1_3rmc1")
use_collision = true
size = Vector3(0.1, 1, 0.05)
material = ExtResource("2_cfjtt")

[node name="Floor" type="CSGBox3D" parent="."]
transform = Transform3D(-178.508, 0, 1.38889e-05, 0, 1, 0, -1.56057e-05, 0, -158.87, 36.2288, 0, -4.74009)
material_override = ExtResource("1_3rmc1")
use_collision = true
size = Vector3(0.9, 1, 1.6)
material = ExtResource("2_cfjtt")

[node name="Start Room" type="Node3D" parent="."]

[node name="Wall" type="CSGBox3D" parent="Start Room"]
transform = Transform3D(-20, 0, 1.74846e-06, 1.74846e-06, -8.74228e-07, 20, 7.64274e-14, 20, 8.74228e-07, 9.1629, 2.998, -2.876)
material_override = ExtResource("3_da8ku")
use_collision = true
size = Vector3(0.05, 1, 0.25)

[node name="Wall2" type="CSGBox3D" parent="Start Room"]
transform = Transform3D(-1.14641e-13, 20, -8.74228e-07, -2.62268e-06, -8.74228e-07, -20, -20, 0, 2.62268e-06, 5.6629, 2.998, -12.876)
material_override = ExtResource("3_da8ku")
use_collision = true
size = Vector3(0.05, 0.4, 0.25)

[node name="Wall3" type="CSGBox3D" parent="Start Room"]
transform = Transform3D(-1.14641e-13, 20, -8.74228e-07, -2.62268e-06, -8.74228e-07, -20, -20, 0, 2.62268e-06, -6.8371, 2.998, -12.876)
material_override = ExtResource("3_da8ku")
use_collision = true
size = Vector3(0.05, 0.4, 0.25)

[node name="Wall6" type="CSGBox3D" parent="Start Room"]
transform = Transform3D(-1.14641e-13, 20, -8.74228e-07, -2.62268e-06, -8.74228e-07, -20, -20, 0, 2.62268e-06, -0.737103, 4.478, -12.876)
material_override = ExtResource("3_da8ku")
use_collision = true
size = Vector3(0.02, 0.25, 0.1)

[node name="Wall4" type="CSGBox3D" parent="Start Room"]
transform = Transform3D(-1.14641e-13, -20, -8.74228e-07, 2.62268e-06, -8.74228e-07, 20, -20, 0, 2.62268e-06, -0.337101, 2.998, 7.124)
material_override = ExtResource("3_da8ku")
use_collision = true
size = Vector3(0.05, 1, 0.25)

[node name="Wall5" type="CSGBox3D" parent="Start Room"]
transform = Transform3D(20, 0, -3.49691e-06, 3.49691e-06, -8.74228e-07, 20, -1.52855e-13, -20, -8.74228e-07, -10.3371, 2.998, -2.876)
material_override = ExtResource("3_da8ku")
snap = 1e-06
use_collision = true
size = Vector3(0.05, 1, 0.25)

[node name="Node3D" parent="Start Room" instance=ExtResource("5_3dmlf")]
transform = Transform3D(0.726, 0, 0, 0, -2.266e-08, 0.52, 0, -0.5184, -2.27299e-08, -0.75, 2.38419e-07, 0.45)

[node name="Rocks with Sand" type="Node3D" parent="."]

[node name="Node3D3" parent="Rocks with Sand" instance=ExtResource("7_5ci71")]
transform = Transform3D(0.866025, 0, 0.5, 0, 1, 0, -0.5, 0, 0.866025, 28.25, 0.928227, -41.55)

[node name="Node3D17" parent="Rocks with Sand" instance=ExtResource("7_5ci71")]
transform = Transform3D(-0.239431, 0, -0.970913, 0, 1, 0, 0.970913, 0, -0.239431, 8.333, 0.928223, -92.4176)

[node name="Node3D18" parent="Rocks with Sand" instance=ExtResource("7_5ci71")]
transform = Transform3D(-0.958362, 0, -0.285555, 0, 1, 0, 0.285555, 0, -0.958362, -8.8115, 0.928223, -98.3073)

[node name="Node3D19" parent="Rocks with Sand" instance=ExtResource("7_5ci71")]
transform = Transform3D(0.807506, 0, 0.589859, 0, 1, 0, -0.589859, 0, 0.807506, -22.3229, 0.928223, -107.207)

[node name="Node3D20" parent="Rocks with Sand" instance=ExtResource("7_5ci71")]
transform = Transform3D(0.917699, 0, -0.397276, 0, 1, 0, 0.397276, 0, 0.917699, -12.9752, 0.928223, -91.6748)

[node name="Node3D15" parent="Rocks with Sand" instance=ExtResource("7_5ci71")]
transform = Transform3D(-0.5, 0, -0.866025, 0, 1, 0, 0.866025, 0, -0.5, 22.5226, 0.928227, -40.8956)

[node name="Node3D4" parent="Rocks with Sand" instance=ExtResource("7_5ci71")]
transform = Transform3D(0.5, 0, -0.866025, 0, 1, 0, 0.866025, 0, 0.5, 31.25, 0.928227, -30)

[node name="Node3D5" parent="Rocks with Sand" instance=ExtResource("7_5ci71")]
transform = Transform3D(0.422618, 0, -0.906308, 0, 1, 0, 0.906308, 0, 0.422618, 31.75, 0.928227, -36)

[node name="Node3D16" parent="Rocks with Sand" instance=ExtResource("7_5ci71")]
transform = Transform3D(-0.0871553, 0, 0.996195, 0, 1, 0, -0.996195, 0, -0.0871553, 1.25, 0.928227, -67.5)

[node name="Node3D6" parent="Rocks with Sand" instance=ExtResource("7_5ci71")]
transform = Transform3D(0.422618, 0, -0.906308, 0, 1, 0, 0.906308, 0, 0.422618, -12.75, 0.928227, -45)

[node name="Node3D7" parent="Rocks with Sand" instance=ExtResource("7_5ci71")]
transform = Transform3D(0.173648, 0, -0.984808, 0, 1, 0, 0.984808, 0, 0.173648, -9.75, 0.928227, -50.5)

[node name="Node3D8" parent="Rocks with Sand" instance=ExtResource("7_5ci71")]
transform = Transform3D(-0.939693, 0, 0.34202, 0, 1, 0, -0.34202, 0, -0.939693, -24.25, 0.928227, -51.5)

[node name="Node3D9" parent="Rocks with Sand" instance=ExtResource("7_5ci71")]
transform = Transform3D(-0.34202, 0, -0.939693, 0, 1, 0, 0.939693, 0, -0.34202, -14.25, 0.928227, -42.5)

[node name="Node3D10" parent="Rocks with Sand" instance=ExtResource("7_5ci71")]
transform = Transform3D(0.173648, 0, -0.984808, 0, 1, 0, 0.984808, 0, 0.173648, -13.3557, 0.928227, -17.6575)

[node name="Node3D11" parent="Rocks with Sand" instance=ExtResource("7_5ci71")]
transform = Transform3D(0.766044, 0, 0.642788, 0, 1, 0, -0.642788, 0, 0.766044, -19.7272, 0.928227, -40.9256)

[node name="Node3D12" parent="Rocks with Sand" instance=ExtResource("7_5ci71")]
transform = Transform3D(-0.939693, 0, 0.34202, 0, 1, 0, -0.34202, 0, -0.939693, -21.7086, 0.928227, -20.6084)

[node name="Node3D14" parent="Rocks with Sand" instance=ExtResource("7_5ci71")]
transform = Transform3D(0.819152, 0, -0.573577, 0, 1, 0, 0.573577, 0, 0.819152, 1.7914, 0.928227, -21.0584)

[node name="Node3D13" parent="Rocks with Sand" instance=ExtResource("7_5ci71")]
transform = Transform3D(-0.34202, 0, -0.939693, 0, 1, 0, 0.939693, 0, -0.34202, -11.7086, 0.928227, -11.6084)

[node name="StaticBody3D" type="StaticBody3D" parent="Rocks with Sand"]
transform = Transform3D(1, 0, 0, 0, 1, 0, 0, 0, 1, 38, 3.25, -15)

[node name="CollisionShape3D" type="CollisionShape3D" parent="Rocks with Sand/StaticBody3D"]
transform = Transform3D(1, 0, 0, 0, 1, 0, 0, 0, 1, -47, -0.25, -3.8)
shape = SubResource("BoxShape3D_rd0c2")

[node name="StaticBody3D4" type="StaticBody3D" parent="Rocks with Sand"]
transform = Transform3D(1, 0, 0, 0, 1, 0, 0, 0, 1, 38, 3.25, -15)

[node name="CollisionShape3D" type="CollisionShape3D" parent="Rocks with Sand/StaticBody3D4"]
transform = Transform3D(0.707107, 0, -0.707107, 0, 1, 0, 0.707107, 0, 0.707107, -48.85, -0.25, -9.75)
shape = SubResource("BoxShape3D_rd0c2")

[node name="StaticBody3D2" type="StaticBody3D" parent="Rocks with Sand"]
transform = Transform3D(1, 0, 0, 0, 1, 0, 0, 0, 1, 28, 3.25, -31)

[node name="CollisionShape3D" type="CollisionShape3D" parent="Rocks with Sand/StaticBody3D2"]
transform = Transform3D(0.965926, 0, 0.258819, 0, 1, 0, -0.258819, 0, 0.965926, -47, 1.25, -5.05)
shape = SubResource("BoxShape3D_dw8io")

[node name="StaticBody3D8" type="StaticBody3D" parent="Rocks with Sand"]
transform = Transform3D(1, 0, 0, 0, 1, 0, 0, 0, 1, 50.5, 3.25, -52.5)

[node name="CollisionShape3D" type="CollisionShape3D" parent="Rocks with Sand/StaticBody3D8"]
transform = Transform3D(1, 0, 0, 0, 1, 0, 0, 0, 1, -44.15, -0.25, -6.3)
shape = SubResource("BoxShape3D_63mny")

[node name="CollisionShape3D2" type="CollisionShape3D" parent="Rocks with Sand/StaticBody3D8"]
transform = Transform3D(0.642788, 0, 0.766045, 0, 1, 0, -0.766045, 0, 0.642788, -43.4566, -0.25, -2.70912)
shape = SubResource("BoxShape3D_7x5mp")

[node name="CollisionShape3D4" type="CollisionShape3D" parent="Rocks with Sand/StaticBody3D8"]
transform = Transform3D(-0.0871558, 0, 0.996195, 0, 1, 0, -0.996195, 0, -0.0871558, -45.9015, -0.25, -7.80563)
shape = SubResource("BoxShape3D_lr0j5")

[node name="CollisionShape3D5" type="CollisionShape3D" parent="Rocks with Sand/StaticBody3D8"]
transform = Transform3D(-0.216764, 0, 0.976225, 0, 1, 0, -0.976225, 0, -0.216764, -47.1258, -0.25, -3.45581)
shape = SubResource("BoxShape3D_l2kby")

[node name="CollisionShape3D3" type="CollisionShape3D" parent="Rocks with Sand/StaticBody3D8"]
transform = Transform3D(0.984808, 0, -0.173648, 0, 1, 0, 0.173648, 0, 0.984808, -40.1079, -0.25, -0.557529)
shape = SubResource("BoxShape3D_7x5mp")

[node name="StaticBody3D7" type="StaticBody3D" parent="Rocks with Sand"]
transform = Transform3D(1, 0, 0, 0, 1, 0, 0, 0, 1, 40.5, 1, -53.5)

[node name="CollisionShape3D" type="CollisionShape3D" parent="Rocks with Sand/StaticBody3D7"]
transform = Transform3D(1, 0, 0, 0, 1, 0, 0, 0, 1, -45.725, 1.25, -7.65)
shape = SubResource("BoxShape3D_0cg3a")

[node name="CollisionShape3D3" type="CollisionShape3D" parent="Rocks with Sand/StaticBody3D7"]
transform = Transform3D(1, 0, 0, 0, 1, 0, 0, 0, 1, -42.25, 1.55, -8.65)
shape = SubResource("BoxShape3D_p8m0u")

[node name="CollisionShape3D2" type="CollisionShape3D" parent="Rocks with Sand/StaticBody3D7"]
transform = Transform3D(0.939693, 0, 0.34202, 0, 1, 0, -0.34202, 0, 0.939693, -46.2, 1.25, -6.5)
shape = SubResource("BoxShape3D_0cg3a")

[node name="StaticBody3D3" type="StaticBody3D" parent="Rocks with Sand"]
transform = Transform3D(1, 0, 0, 0, 1, 0, 0, 0, 1, 39, 1, -48.5)

[node name="CollisionShape3D" type="CollisionShape3D" parent="Rocks with Sand/StaticBody3D3"]
transform = Transform3D(0.422618, 0, -0.906308, 0, 1, 0, 0.906308, 0, 0.422618, -56.938, 2.25, -3.74919)
shape = SubResource("BoxShape3D_xk7rb")

[node name="CollisionShape3D2" type="CollisionShape3D" parent="Rocks with Sand/StaticBody3D3"]
transform = Transform3D(-8.9407e-08, 0, -1, 0, 1, 0, 1, 0, -8.9407e-08, -54.6116, 2.25, -8.1566)
shape = SubResource("BoxShape3D_xk7rb")

[node name="StaticBody3D5" type="StaticBody3D" parent="Rocks with Sand"]
transform = Transform3D(1, 0, 0, 0, 1, 0, 0, 0, 1, 63.5, 1, -29.5)

[node name="CollisionShape3D" type="CollisionShape3D" parent="Rocks with Sand/StaticBody3D5"]
transform = Transform3D(1, 0, 0, 0, 1, 0, 0, 0, 1, -41.5, 2.5, -8.55)
shape = SubResource("BoxShape3D_hejqc")

[node name="StaticBody3D6" type="StaticBody3D" parent="Rocks with Sand"]
transform = Transform3D(1, 0, 0, 0, 1, 0, 0, 0, 1, 62, 1, -45)

[node name="CollisionShape3D2" type="CollisionShape3D" parent="Rocks with Sand/StaticBody3D6"]
transform = Transform3D(0.707107, 0, 0.707107, 0, 1, 0, -0.707107, 0, 0.707107, -44.1454, 2.25, -6.34563)
shape = SubResource("BoxShape3D_1f5ax")

[node name="Rocks" type="Node3D" parent="."]

[node name="Node3D14" parent="Rocks" instance=ExtResource("7_ubnmu")]
transform = Transform3D(0.899001, 0, 0.437948, 0, 1, 0, -0.437948, 0, 0.899001, -15.3109, 0.5, -41.8925)

[node name="Node3D30" parent="Rocks" instance=ExtResource("7_ubnmu")]
transform = Transform3D(-0.326014, 0, -0.945366, 0, 1, 0, 0.945366, 0, -0.326014, -0.9109, 0.500001, -96.6951)

[node name="Node3D31" parent="Rocks" instance=ExtResource("7_ubnmu")]
transform = Transform3D(0.85741, 0, 0.514634, 0, 1, 0, -0.514634, 0, 0.85741, -17.9911, 0.500001, -97.9883)

[node name="Node3D20" parent="Rocks" instance=ExtResource("7_ubnmu")]
transform = Transform3D(0.694997, 0, 0.719012, 0, 1, 0, -0.719012, 0, 0.694997, -8.8109, 0.5, -21.8925)

[node name="Node3D19" parent="Rocks" instance=ExtResource("7_ubnmu")]
transform = Transform3D(0.437948, 0, -0.899, 0, 1, 0, 0.899, 0, 0.437948, -14.8109, 0.5, -29.3925)

[node name="Node3D17" parent="Rocks" instance=ExtResource("7_ubnmu")]
transform = Transform3D(-0.106404, -0.635645, -0.764613, -0.917141, 0.35979, -0.171474, 0.384096, 0.683013, -0.62126, -18.8109, -2.38419e-07, -32.3925)

[node name="Node3D21" parent="Rocks" instance=ExtResource("7_ubnmu")]
transform = Transform3D(-0.531782, 0.070668, -0.843928, 0.0336189, 0.997489, 0.062342, 0.846214, 0.00478038, -0.532822, 15.6801, -2.38419e-07, -52.3347)

[node name="Node3D23" parent="Rocks" instance=ExtResource("7_ubnmu")]
transform = Transform3D(0.489328, -0.329409, -0.807495, -0.587377, 0.559925, -0.584356, 0.644629, 0.760246, 0.0804995, 21.1801, 3, -56.3347)

[node name="Node3D22" parent="Rocks" instance=ExtResource("7_ubnmu")]
transform = Transform3D(0.0331398, -0.138647, 0.989787, 0.0798388, 0.987534, 0.135658, -0.996257, 0.0745278, 0.0437958, 11.1801, -2.38419e-07, -56.3347)

[node name="Node3D18" parent="Rocks" instance=ExtResource("7_ubnmu")]
transform = Transform3D(-0.385839, -0.909329, 0.15572, -0.917142, 0.35979, -0.171474, 0.0998995, -0.208979, -0.972804, -20.3109, -2.38419e-07, -35.8925)

[node name="Node3D24" parent="Rocks" instance=ExtResource("7_ubnmu")]
transform = Transform3D(-4.37114e-08, 0, 1, 0, 1, 0, -1, 0, -4.37114e-08, -11.8109, -2.38419e-07, -63.8925)

[node name="Node3D15" parent="Rocks" instance=ExtResource("7_ubnmu")]
transform = Transform3D(-0.945365, 0, 0.326014, 0, 1, 0, -0.326014, 0, -0.945365, -22.8109, 0.5, -43.3925)

[node name="Node3D16" parent="Rocks" instance=ExtResource("7_ubnmu")]
transform = Transform3D(0.899, 0, 0.437947, 0, 1, 0, -0.437947, 0, 0.899, -21.8109, 0.5, -50.8925)

[node name="Node3D2" parent="Rocks" instance=ExtResource("32_760vd")]
transform = Transform3D(0.173648, 0, -0.984808, 0, 1, 0, 0.984808, 0, 0.173648, 54.05, 0.5, 91.615)

[node name="Canteen" type="Node3D" parent="."]

[node name="Wall9" type="CSGBox3D" parent="Canteen"]
transform = Transform3D(-1.14641e-13, -20, -8.74228e-07, 2.62268e-06, -8.74228e-07, 20, -20, 0, 2.62268e-06, 18.5129, 2.998, -17.126)
material_override = ExtResource("3_da8ku")
use_collision = true
size = Vector3(0.05, 1, 0.25)

[node name="Wall10" type="CSGBox3D" parent="Canteen"]
transform = Transform3D(-1.14641e-13, -20, -8.74228e-07, 2.62268e-06, -8.74228e-07, 20, -20, 0, 2.62268e-06, -19.6371, 2.998, -17.126)
material_override = ExtResource("3_da8ku")
use_collision = true
size = Vector3(0.05, 1, 0.25)

[node name="Wall13" type="CSGBox3D" parent="Canteen"]
transform = Transform3D(-1.14641e-13, -20, -8.74228e-07, 2.62268e-06, -8.74228e-07, 20, -20, 0, 2.62268e-06, 18.5129, 2.998, -59.126)
material_override = ExtResource("3_da8ku")
use_collision = true
size = Vector3(0.05, 1, 0.25)

[node name="Wall14" type="CSGBox3D" parent="Canteen"]
transform = Transform3D(-1.14641e-13, -20, -8.74228e-07, 2.62268e-06, -8.74228e-07, 20, -20, 0, 2.62268e-06, -19.6371, 2.998, -59.126)
material_override = ExtResource("3_da8ku")
use_collision = true
size = Vector3(0.05, 1, 0.25)

[node name="Wall11" type="CSGBox3D" parent="Canteen"]
transform = Transform3D(-20, 0, 1.74846e-06, 1.74846e-06, -8.74228e-07, 20, 7.64274e-14, 20, 8.74228e-07, 28.0129, 2.998, -38.176)
material_override = ExtResource("3_da8ku")
use_collision = true
size = Vector3(0.05, 2.15, 0.25)

[node name="Wall12" type="CSGBox3D" parent="Canteen"]
transform = Transform3D(20, 0, -3.49691e-06, 3.49691e-06, -8.74228e-07, 20, -1.52855e-13, -20, -8.74228e-07, -29.1371, 2.998, -38.176)
material_override = ExtResource("3_da8ku")
snap = 1e-06
use_collision = true
size = Vector3(0.05, 2.15, 0.25)

[node name="Wall7" type="CSGBox3D" parent="Canteen"]
transform = Transform3D(-20, 0, 1.74846e-06, 1.74846e-06, -2.09815e-07, 20, 7.64274e-14, 4.8, 8.74228e-07, 9.1629, 2.998, -15.026)
material_override = ExtResource("3_da8ku")
use_collision = true
size = Vector3(0.05, 1, 0.25)

[node name="Wall8" type="CSGBox3D" parent="Canteen"]
transform = Transform3D(20, 0, -3.49691e-06, 3.49691e-06, -2.09815e-07, 20, -1.52855e-13, -4.8, -8.74228e-07, -10.3371, 2.998, -15.026)
material_override = ExtResource("3_da8ku")
snap = 1e-06
use_collision = true
size = Vector3(0.05, 1, 0.25)

[node name="Doorway" parent="Canteen" instance=ExtResource("5_dos6k")]
transform = Transform3D(1, 0, 0, 0, 1, 0, 0, 0, 1, -10.85, 0.44998, -63.85)

[node name="Tables and Benches" type="Node3D" parent="Canteen"]

[node name="BenchV7" parent="Canteen/Tables and Benches" instance=ExtResource("10_sdt24")]
transform = Transform3D(0.0684891, -0.212443, -0.147159, -0.130052, 0.00443533, -0.201072, 0.0894677, 0.169076, -0.17963, 21.7663, 0.503735, -20.428)

[node name="BenchV8" parent="Canteen/Tables and Benches" instance=ExtResource("10_sdt24")]
transform = Transform3D(0.0433541, -0.254957, -0.0720251, -0.110065, 0.00549924, -0.236029, 0.124959, 0.0933002, -0.182908, 25.2163, 0.503735, -25.628)

[node name="BenchV9" parent="Canteen/Tables and Benches" instance=ExtResource("10_sdt24")]
transform = Transform3D(0.0461274, -0.25959, -0.0366911, -0.14648, -0.048061, -0.151734, 0.0776188, 0.0635705, -0.264543, 23.7612, 0.503735, -23.1423)

[node name="BenchV10" parent="Canteen/Tables and Benches" instance=ExtResource("10_sdt24")]
transform = Transform3D(0.0501748, -0.184676, -0.206616, -0.146268, 0.0375386, -0.156121, 0.0754788, 0.195509, -0.165192, 21.5478, 0.464376, -21.2501)

[node name="BenchV11" parent="Canteen/Tables and Benches" instance=ExtResource("10_sdt24")]
transform = Transform3D(0.115024, -0.0851992, -0.207131, -0.126956, -0.0449244, -0.201018, 0.016135, 0.253892, -0.105076, 24.7494, 0.503735, -22.6829)

[node name="BenchV6" parent="Canteen/Tables and Benches" instance=ExtResource("10_sdt24")]
transform = Transform3D(0.0539555, -0.138931, -0.245719, -0.137989, 0.0837634, -0.157156, 0.0875018, 0.217762, -0.096317, 21.7663, 0.503735, -21.728)

[node name="TableV2" parent="Canteen/Tables and Benches" instance=ExtResource("11_xy3k1")]
transform = Transform3D(-0.283532, 7.07578e-09, 0.0713875, 0.163697, -1.07168e-08, 0.123647, 2.86218e-08, 0.131387, 6.24087e-09, 1.4754, 0.6005, -61.9702)

[node name="TableV11" parent="Canteen/Tables and Benches" instance=ExtResource("11_xy3k1")]
transform = Transform3D(4.29327e-08, 0.131387, 6.24087e-09, 0.163697, -1.35883e-08, 0.123647, 0.283532, -1.20495e-08, -0.0713875, 20.7254, 0.6005, -21.2202)

[node name="TableV10" parent="Canteen/Tables and Benches" instance=ExtResource("11_xy3k1")]
transform = Transform3D(0.226638, 0.0727602, -0.0660659, 0.198204, -0.0126963, 0.112797, 0.128599, -0.108661, -0.0574176, 24.5254, 0.5005, -24.5202)

[node name="TableV6" parent="Canteen/Tables and Benches" instance=ExtResource("11_xy3k1")]
transform = Transform3D(0.0765826, 0.115657, -0.0589361, 0.237344, 0.0164234, 0.0967111, 0.212109, -0.0601355, -0.0869378, 26.0636, 0.382623, -20.5029)

[node name="TableV7" parent="Canteen/Tables and Benches" instance=ExtResource("11_xy3k1")]
transform = Transform3D(0.294262, 0.0112555, -0.0613803, 0.138038, -0.0574608, 0.113411, -0.0392771, -0.117619, -0.0612791, 21.9754, 0.5005, -22.5202)

[node name="TableV9" parent="Canteen/Tables and Benches" instance=ExtResource("11_xy3k1")]
transform = Transform3D(0.2414, 0.0547191, -0.075938, 0.150572, 0.0351083, 0.120903, 0.161993, -0.114174, 0.000783282, 23.1387, 0.810773, -20.5453)

[node name="TableV8" parent="Canteen/Tables and Benches" instance=ExtResource("11_xy3k1")]
transform = Transform3D(0.208869, -0.0922796, 0.0450803, 0.224871, 0.0438325, -0.092191, 0.113991, 0.082618, 0.0992637, 24.153, 1.61178, -21.9227)

[node name="TableV22" parent="Canteen/Tables and Benches" instance=ExtResource("11_xy3k1")]
transform = Transform3D(-0.0568509, 0.0334888, -0.135816, 2.92258e-08, 0.12691, 0.0369529, 0.322421, 0.00590501, -0.0239481, 11.3254, 0.833577, -22.0202)

[node name="TableV23" parent="Canteen/Tables and Benches" instance=ExtResource("11_xy3k1")]
transform = Transform3D(-0.296719, 0.0143713, -0.0582837, 3.9768e-08, 0.12691, 0.0369529, 0.138363, 0.0308194, -0.124989, 16.0254, 0.833577, -25.1702)

[node name="TableV14" parent="Canteen/Tables and Benches" instance=ExtResource("11_xy3k1")]
transform = Transform3D(0.084736, -0.0328468, 0.133211, 2.76465e-08, 0.12691, 0.0369529, -0.316239, -0.00880125, 0.0356938, -15.3746, 0.833577, -43.7702)

[node name="TableV15" parent="Canteen/Tables and Benches" instance=ExtResource("11_xy3k1")]
transform = Transform3D(0.268186, 0.0195047, -0.079102, 2.58917e-08, 0.12691, 0.0369529, 0.187786, -0.0278556, 0.112969, -18.3746, 0.833577, -45.7702)

[node name="BenchV12" parent="Canteen/Tables and Benches" instance=ExtResource("10_sdt24")]
transform = Transform3D(2.05126e-08, 7.45058e-09, 0.307169, -0.014997, -0.270515, -2.64975e-08, 0.171417, -0.0236669, -3.90755e-08, 6.6819, 0.720611, -34.8368)

[node name="BenchV13" parent="Canteen/Tables and Benches" instance=ExtResource("10_sdt24")]
transform = Transform3D(-0.140417, 0.0193868, -0.176185, -0.014997, -0.270515, -2.64975e-08, -0.0983208, 0.0135748, 0.251618, 5.6819, 0.720611, -30.8368)

[node name="TableV13" parent="Canteen/Tables and Benches" instance=ExtResource("11_xy3k1")]
transform = Transform3D(-0.283532, 0.0656935, 3.12045e-09, 7.79158e-17, -5.74311e-09, 0.142775, 0.163698, 0.113784, 5.40477e-09, 4.8272, 0.501456, -33.4668)

[node name="BenchV16" parent="Canteen/Tables and Benches" instance=ExtResource("10_sdt24")]
transform = Transform3D(-0.168813, 0.0233074, 0.0533394, -0.014997, -0.270515, -2.50592e-08, 0.0297663, -0.00410971, 0.302502, 6.5365, 0.720611, -14.7241)

[node name="BenchV14" parent="Canteen/Tables and Benches" instance=ExtResource("10_sdt24")]
transform = Transform3D(2.05126e-08, 7.45058e-09, 0.307169, -0.014997, -0.270515, -2.64975e-08, 0.171417, -0.0236669, -3.90755e-08, -5.3181, 0.720611, -48.8368)

[node name="BenchV15" parent="Canteen/Tables and Benches" instance=ExtResource("10_sdt24")]
transform = Transform3D(-0.140417, 0.0193868, -0.176185, -0.014997, -0.270515, -2.64975e-08, -0.0983208, 0.0135748, 0.251618, -8.8181, 0.720611, -41.8368)

[node name="TableV16" parent="Canteen/Tables and Benches" instance=ExtResource("11_xy3k1")]
transform = Transform3D(0.268186, -0.0195048, 0.079102, 3.43707e-08, 0.12691, 0.0369529, -0.187786, -0.0278557, 0.112969, -1.718, 0.833577, -44.081)

[node name="TableV17" parent="Canteen/Tables and Benches" instance=ExtResource("11_xy3k1")]
transform = Transform3D(0.0568514, 0.0334888, -0.135815, 2.71533e-08, 0.12691, 0.0369529, 0.322421, -0.00590498, 0.0239478, -2.3811, 0.833577, -47.8688)

[node name="TableV18" parent="Canteen/Tables and Benches" instance=ExtResource("11_xy3k1")]
transform = Transform3D(-0.316239, -0.00880125, 0.0356939, 3.44848e-08, 0.12691, 0.0369529, -0.0847361, 0.0328467, -0.133211, 1.3753, 0.833577, -46.5608)

[node name="TableV19" parent="Canteen/Tables and Benches" instance=ExtResource("11_xy3k1")]
transform = Transform3D(0.29672, 0.0143714, -0.0582833, 3.4972e-08, 0.12691, 0.0369529, 0.138363, -0.0308195, 0.124989, 7.3778, 0.833577, -42.1272)

[node name="TableV20" parent="Canteen/Tables and Benches" instance=ExtResource("11_xy3k1")]
transform = Transform3D(-0.250799, 0.0218583, -0.0886469, 2.49426e-08, 0.12691, 0.0369529, 0.210445, 0.0260497, -0.105645, 10.3265, 0.833577, -44.5953)

[node name="TableV21" parent="Canteen/Tables and Benches" instance=ExtResource("11_xy3k1")]
transform = Transform3D(-0.0847359, -0.0328467, 0.133211, 3.44848e-08, 0.12691, 0.0369529, -0.316239, 0.00880125, -0.0356935, 11.0719, 0.833577, -40.6881)

[node name="TableV24" parent="Canteen/Tables and Benches" instance=ExtResource("11_xy3k1")]
transform = Transform3D(0.163697, 0.0294496, -0.119434, 3.68848e-08, 0.12691, 0.0369529, 0.283532, -0.0170027, 0.0689551, 1.9315, 0.833577, -25.7593)

[node name="TableV25" parent="Canteen/Tables and Benches" instance=ExtResource("11_xy3k1")]
transform = Transform3D(-0.326149, 0.00296377, -0.0120196, 2.86798e-08, 0.12691, 0.0369529, 0.0285343, 0.033876, -0.137385, 5.7626, 0.833577, -26.0897)

[node name="TableV26" parent="Canteen/Tables and Benches" instance=ExtResource("11_xy3k1")]
transform = Transform3D(0.111976, -0.0319546, 0.129593, 3.44848e-08, 0.12691, 0.0369529, -0.30765, -0.0116305, 0.0471681, 4.1321, 0.833577, -22.4616)

[node name="Node3D90" parent="Canteen" instance=ExtResource("23_undbp")]
transform = Transform3D(0.573576, 0, 0.819152, 0, 1, 0, -0.819152, 0, 0.573576, -1.25, 0.5, -28.55)

[node name="Node3D91" parent="Canteen" instance=ExtResource("23_undbp")]
transform = Transform3D(-0.573577, 0, 0.819152, 0, 1, 0, -0.819152, 0, -0.573577, -3.75, 0.5, -57.05)

[node name="Node3D92" parent="Canteen" instance=ExtResource("23_undbp")]
transform = Transform3D(0.422618, 0, -0.906308, 0, 1, 0, 0.906308, 0, 0.422618, 11.25, 0.5, -36.55)

[node name="Node3D93" parent="Canteen" instance=ExtResource("23_undbp")]
transform = Transform3D(-0.906308, 0, -0.422618, 0, 1, 0, 0.422618, 0, -0.906308, 2.5, 0.5, -39.65)

[node name="Node3D94" parent="Canteen" instance=ExtResource("23_undbp")]
transform = Transform3D(0.906308, 0, 0.422618, 0, 1, 0, -0.422618, 0, 0.906308, 7.5, 0.5, -47.1)

[node name="Node3D95" parent="Canteen" instance=ExtResource("23_undbp")]
transform = Transform3D(0.819152, 0, -0.573577, 0, 1, 0, 0.573577, 0, 0.819152, 9.7, 0.5, -27.55)

[node name="Node3D96" parent="Canteen" instance=ExtResource("23_undbp")]
transform = Transform3D(0.906308, 0, -0.422619, 0, 1, 0, 0.422619, 0, 0.906308, 16, 0.5, -22.55)

[node name="Node3D97" parent="Canteen" instance=ExtResource("23_undbp")]
transform = Transform3D(0.422619, 0, 0.906308, 0, 1, 0, -0.906308, 0, 0.422619, -0.450001, 0.5, -70.65)

[node name="Node3D98" parent="Canteen" instance=ExtResource("23_undbp")]
transform = Transform3D(-0.766044, 0, 0.642788, 0, 1, 0, -0.642788, 0, -0.766044, -1.15, 0.5, -79.5)

[node name="Node3D99" parent="Canteen" instance=ExtResource("23_undbp")]
transform = Transform3D(-0.642787, 0, 0.766045, 0, 1, 0, -0.766045, 0, -0.642787, 3.45, 0.5, -88.55)

[node name="Node3D100" parent="Canteen" instance=ExtResource("23_undbp")]
transform = Transform3D(-0.642787, 0, 0.766045, 0, 1, 0, -0.766045, 0, -0.642787, 14.7, 0.5, -92.25)

[node name="Node3D101" parent="Canteen" instance=ExtResource("23_undbp")]
transform = Transform3D(0.906308, 0, 0.422618, 0, 1, 0, -0.422618, 0, 0.906308, 24.95, 0.5, -92.45)

[node name="Node3D6" parent="Canteen" instance=ExtResource("13_u4wr0")]
transform = Transform3D(1, 0, 0, 0, 1, 0, 0, 0, 1, -2.1882, 4.18461, -63.1342)

[node name="Small Room" parent="." instance=ExtResource("9_w3j7p")]
transform = Transform3D(-4.37114e-08, 0, -1, 0, 1, 0, 1, 0, -4.37114e-08, -7.9, 0.5, -103.2)

[node name="Kitchen" type="Node3D" parent="."]

[node name="Node3D3" parent="Kitchen" instance=ExtResource("6_6oeod")]
transform = Transform3D(-4.37114e-08, 0, -2.17, 0, 1, 0, 1, 0, -9.48537e-08, 8.3, 0.500169, -103.05)

[node name="Node3D" parent="Kitchen" instance=ExtResource("5_dos6k")]
transform = Transform3D(-4.37114e-08, 0, -1, 0, 1, 0, 1, 0, -4.37114e-08, 7.8, 0.50528, -103.15)

[node name="Kitchen2" type="Node3D" parent="Kitchen"]

[node name="Storage Room" type="Node3D" parent="."]

[node name="Wall24" type="CSGBox3D" parent="Storage Room"]
transform = Transform3D(-1.14641e-13, -20, -8.74228e-07, 2.62268e-06, -8.74228e-07, 20, -20, 0, 2.62268e-06, 37.0629, 2.998, -65.826)
material_override = ExtResource("3_da8ku")
use_collision = true
size = Vector3(0.05, 0.5, 0.25)

[node name="Wall25" type="CSGBox3D" parent="Storage Room"]
transform = Transform3D(-1.14641e-13, -20, -8.74228e-07, 2.62268e-06, -8.74228e-07, 20, -20, 0, 2.62268e-06, 65.063, 2.998, -65.826)
material_override = ExtResource("3_da8ku")
use_collision = true
size = Vector3(0.05, 0.5, 0.25)

[node name="Wall26" type="CSGBox3D" parent="Storage Room"]
transform = Transform3D(-20, 0, 1.74846e-06, 1.74846e-06, -8.74228e-07, 20, 7.64274e-14, 20, 8.74228e-07, 32.5629, 2.998, 0.824)
material_override = ExtResource("3_da8ku")
use_collision = true
size = Vector3(0.05, 6.7, 0.25)

[node name="Wall27" type="CSGBox3D" parent="Storage Room"]
transform = Transform3D(-20, 0, 1.74846e-06, 1.74846e-06, -8.74228e-07, 20, 7.64274e-14, 20, 8.74228e-07, 69.563, 2.998, -48.676)
material_override = ExtResource("3_da8ku")
use_collision = true
size = Vector3(0.05, 1.75, 0.25)

[node name="Wall30" type="CSGBox3D" parent="Storage Room"]
transform = Transform3D(-20, 0, 1.74846e-06, 1.74846e-06, -8.74228e-07, 20, 7.64274e-14, 20, 8.74228e-07, 69.563, 2.998, 61.604)
material_override = ExtResource("3_da8ku")
use_collision = true
size = Vector3(0.05, 0.8, 0.25)

[node name="Wall22" type="CSGBox3D" parent="Storage Room"]
transform = Transform3D(-20, 0, 1.74846e-06, 1.74846e-06, -6.99382e-07, 20, 7.64274e-14, 16, 8.74228e-07, 41.3129, 2.998, -67.976)
material_override = ExtResource("3_da8ku")
use_collision = true
size = Vector3(0.05, 0.3, 0.25)

[node name="Wall23" type="CSGBox3D" parent="Storage Room"]
transform = Transform3D(-20, 0, 1.74846e-06, 1.74846e-06, -6.99382e-07, 20, 7.64274e-14, 16, 8.74228e-07, 60.813, 2.998, -67.976)
material_override = ExtResource("3_da8ku")
use_collision = true
size = Vector3(0.05, 0.3, 0.25)

[node name="Wall28" type="CSGBox3D" parent="Storage Room"]
transform = Transform3D(-1.14641e-13, -20, -8.74228e-07, 2.62268e-06, -8.74228e-07, 20, -20, 0, 2.62268e-06, 37.0629, 2.998, 67.389)
material_override = ExtResource("3_da8ku")
use_collision = true
size = Vector3(0.05, 0.5, 0.25)

[node name="Wall29" type="CSGBox3D" parent="Storage Room"]
transform = Transform3D(-1.14641e-13, -20, -8.74228e-07, 2.62268e-06, -8.74228e-07, 20, -20, 0, 2.62268e-06, 66.718, 2.998, 69.599)
material_override = ExtResource("3_da8ku")
use_collision = true
size = Vector3(0.05, 0.5, 0.25)

[node name="Node3D" parent="Storage Room" instance=ExtResource("7_5ci71")]
transform = Transform3D(-0.573576, 0, 0.819152, 0, 1, 0, -0.819152, 0, -0.573576, 46.35, 1, 77.215)

